Date,Open,High,Low,Close,Adj Close,Volume
1973-02-21,0.335938,0.335938,0.335938,0.335938,0.303351,4800
1973-02-22,0.343750,0.343750,0.343750,0.343750,0.310405,1600
1973-02-23,0.343750,0.343750,0.343750,0.343750,0.310405,4800
1973-02-26,0.335938,0.335938,0.335938,0.335938,0.303351,25600
1973-02-27,0.335938,0.335938,0.335938,0.335938,0.303351,6400
1973-02-28,0.343750,0.343750,0.343750,0.343750,0.310405,33600
1973-03-01,0.343750,0.343750,0.343750,0.343750,0.310405,4800
1973-03-02,0.343750,0.343750,0.343750,0.343750,0.310405,9600
1973-03-05,0.343750,0.343750,0.343750,0.343750,0.310405,1600
1973-03-06,0.343750,0.343750,0.343750,0.343750,0.310405,11200
1973-03-07,0.343750,0.343750,0.343750,0.343750,0.310405,1600
1973-03-08,0.343750,0.343750,0.343750,0.343750,0.310405,0
1973-03-09,0.343750,0.343750,0.343750,0.343750,0.310405,4800
1973-03-12,0.351563,0.351563,0.351563,0.351563,0.317460,14400
1973-03-13,0.343750,0.343750,0.343750,0.343750,0.310405,1600
1973-03-14,0.343750,0.343750,0.343750,0.343750,0.310405,4800
1973-03-15,0.343750,0.343750,0.343750,0.343750,0.310405,6400
1973-03-16,0.343750,0.343750,0.343750,0.343750,0.310405,11200
1973-03-19,0.343750,0.343750,0.343750,0.343750,0.310405,1600
1973-03-20,0.343750,0.343750,0.343750,0.343750,0.310405,11200
1973-03-21,0.343750,0.343750,0.343750,0.343750,0.310405,16000
1973-03-22,0.343750,0.343750,0.343750,0.343750,0.310405,6400
1973-03-23,0.335938,0.335938,0.335938,0.335938,0.303351,30400
1973-03-26,0.328125,0.328125,0.328125,0.328125,0.296296,33600
1973-03-27,0.328125,0.328125,0.328125,0.328125,0.296296,14400
1973-03-28,0.320313,0.320313,0.320313,0.320313,0.289242,4800
1973-03-29,0.328125,0.328125,0.328125,0.328125,0.296296,6400
1973-03-30,0.328125,0.328125,0.328125,0.328125,0.296296,11200
1973-04-02,0.328125,0.328125,0.328125,0.328125,0.296296,4800
1973-04-03,0.320313,0.320313,0.320313,0.320313,0.289242,20800
1973-04-04,0.320313,0.320313,0.320313,0.320313,0.289242,6400
1973-04-05,0.304688,0.304688,0.304688,0.304688,0.275132,20800
1973-04-06,0.296875,0.296875,0.296875,0.296875,0.268077,14400
1973-04-09,0.289063,0.289063,0.289063,0.289063,0.261023,9600
1973-04-10,0.289063,0.289063,0.289063,0.289063,0.261023,9600
1973-04-11,0.289063,0.289063,0.289063,0.289063,0.261023,1600
1973-04-12,0.281250,0.281250,0.281250,0.281250,0.253968,40000
1973-04-13,0.281250,0.281250,0.281250,0.281250,0.253968,0
1973-04-16,0.289063,0.289063,0.289063,0.289063,0.261023,16000
1973-04-17,0.281250,0.281250,0.281250,0.281250,0.253968,9600
1973-04-18,0.281250,0.281250,0.281250,0.281250,0.253968,16000
1973-04-19,0.281250,0.281250,0.281250,0.281250,0.253968,16000
1973-04-23,0.281250,0.281250,0.281250,0.281250,0.253968,9600
1973-04-24,0.281250,0.281250,0.281250,0.281250,0.253968,1600
1973-04-25,0.265625,0.265625,0.265625,0.265625,0.239859,28800
1973-04-26,0.265625,0.265625,0.265625,0.265625,0.239859,16000
1973-04-27,0.281250,0.281250,0.281250,0.281250,0.253968,24000
1973-04-30,0.281250,0.281250,0.281250,0.281250,0.253968,19200
1973-05-01,0.281250,0.281250,0.281250,0.281250,0.253968,1600
1973-05-02,0.281250,0.281250,0.281250,0.281250,0.253968,11200
1973-05-03,0.281250,0.304688,0.281250,0.281250,0.253968,16000
1973-05-04,0.289063,0.312500,0.289063,0.289063,0.261023,24000
1973-05-07,0.296875,0.312500,0.296875,0.296875,0.268077,35200
1973-05-08,0.296875,0.312500,0.296875,0.296875,0.268077,1600
1973-05-09,0.304688,0.328125,0.304688,0.304688,0.275132,9600
1973-05-10,0.304688,0.328125,0.304688,0.304688,0.275132,4800
1973-05-11,0.304688,0.328125,0.304688,0.304688,0.275132,6400
1973-05-14,0.304688,0.328125,0.304688,0.304688,0.275132,1600
1973-05-15,0.304688,0.312500,0.289063,0.289063,0.261023,16000
1973-05-16,0.289063,0.312500,0.289063,0.289063,0.261023,4800
1973-05-17,0.289063,0.312500,0.289063,0.289063,0.261023,14400
1973-05-18,0.289063,0.296875,0.281250,0.281250,0.253968,11200
1973-05-21,0.281250,0.281250,0.265625,0.265625,0.239859,28800
1973-05-22,0.265625,0.289063,0.265625,0.265625,0.239859,11200
1973-05-23,0.273438,0.296875,0.273438,0.273438,0.246913,24000
1973-05-24,0.273438,0.273438,0.273438,0.273438,0.246913,0
1973-05-25,0.273438,0.296875,0.273438,0.273438,0.246913,4800
1973-05-29,0.273438,0.289063,0.265625,0.265625,0.239859,4800
1973-05-30,0.265625,0.289063,0.265625,0.265625,0.239859,4800
1973-05-31,0.265625,0.289063,0.265625,0.265625,0.239859,9600
1973-06-01,0.265625,0.289063,0.265625,0.265625,0.239859,16000
1973-06-04,0.265625,0.265625,0.265625,0.265625,0.239859,0
1973-06-05,0.265625,0.289063,0.265625,0.265625,0.239859,4800
1973-06-06,0.265625,0.289063,0.265625,0.265625,0.239859,11200
1973-06-07,0.265625,0.289063,0.265625,0.265625,0.239859,19200
1973-06-08,0.265625,0.265625,0.265625,0.265625,0.239859,0
1973-06-11,0.265625,0.289063,0.265625,0.265625,0.239859,9600
1973-06-12,0.265625,0.265625,0.250000,0.250000,0.225749,28800
1973-06-13,0.250000,0.250000,0.250000,0.250000,0.225749,0
1973-06-14,0.250000,0.265625,0.242188,0.242188,0.218695,11200
1973-06-15,0.242188,0.242188,0.242188,0.242188,0.218695,0
1973-06-18,0.242188,0.242188,0.242188,0.242188,0.218695,0
1973-06-19,0.242188,0.257813,0.234375,0.234375,0.211640,14400
1973-06-20,0.234375,0.250000,0.226563,0.226563,0.204585,11200
1973-06-21,0.226563,0.250000,0.226563,0.226563,0.204585,19200
1973-06-22,0.226563,0.250000,0.226563,0.226563,0.204585,6400
1973-06-25,0.226563,0.226563,0.226563,0.226563,0.204585,0
1973-06-26,0.226563,0.250000,0.226563,0.226563,0.204585,1600
1973-06-27,0.226563,0.250000,0.226563,0.226563,0.204585,14400
1973-06-28,0.226563,0.226563,0.226563,0.226563,0.204585,0
1973-06-29,0.234375,0.250000,0.234375,0.234375,0.211640,14400
1973-07-02,0.234375,0.234375,0.234375,0.234375,0.211640,0
1973-07-03,0.234375,0.250000,0.226563,0.226563,0.204585,1600
1973-07-05,0.226563,0.250000,0.226563,0.226563,0.204585,1600
1973-07-06,0.234375,0.250000,0.234375,0.234375,0.211640,4800
1973-07-09,0.234375,0.250000,0.234375,0.234375,0.211640,4800
1973-07-10,0.234375,0.250000,0.234375,0.234375,0.211640,11200
1973-07-11,0.234375,0.234375,0.234375,0.234375,0.211640,0
1973-07-12,0.234375,0.250000,0.234375,0.234375,0.211640,4800
1973-07-13,0.234375,0.234375,0.234375,0.234375,0.211640,0
1973-07-16,0.234375,0.257813,0.234375,0.234375,0.211640,4800
1973-07-17,0.250000,0.273438,0.250000,0.250000,0.225749,88000
1973-07-18,0.250000,0.273438,0.250000,0.250000,0.225749,1600
1973-07-19,0.257813,0.281250,0.257813,0.257813,0.232804,16000
1973-07-20,0.296875,0.320313,0.296875,0.296875,0.268077,67200
1973-07-23,0.296875,0.320313,0.296875,0.296875,0.268077,9600
1973-07-24,0.296875,0.320313,0.296875,0.296875,0.268077,11200
1973-07-25,0.304688,0.328125,0.304688,0.304688,0.275132,20800
1973-07-26,0.304688,0.328125,0.304688,0.304688,0.275132,16000
1973-07-27,0.304688,0.328125,0.304688,0.304688,0.275132,1600
1973-07-30,0.304688,0.320313,0.296875,0.296875,0.268077,30400
1973-07-31,0.296875,0.312500,0.296875,0.296875,0.268077,4800
1973-08-01,0.296875,0.296875,0.273438,0.273438,0.246913,16000
1973-08-02,0.273438,0.289063,0.265625,0.265625,0.239859,6400
1973-08-03,0.265625,0.265625,0.265625,0.265625,0.239859,0
1973-08-06,0.281250,0.296875,0.281250,0.281250,0.253968,20800
1973-08-07,0.296875,0.312500,0.296875,0.296875,0.268077,9600
1973-08-08,0.296875,0.296875,0.281250,0.281250,0.253968,9600
1973-08-09,0.281250,0.296875,0.281250,0.281250,0.253968,4800
1973-08-10,0.281250,0.296875,0.273438,0.273438,0.246913,24000
1973-08-13,0.273438,0.273438,0.273438,0.273438,0.246913,0
1973-08-14,0.273438,0.296875,0.273438,0.273438,0.246913,6400
1973-08-15,0.273438,0.296875,0.273438,0.273438,0.246913,4800
1973-08-16,0.281250,0.296875,0.281250,0.281250,0.253968,28800
1973-08-17,0.281250,0.281250,0.281250,0.281250,0.253968,0
1973-08-20,0.281250,0.281250,0.281250,0.281250,0.253968,0
1973-08-21,0.281250,0.296875,0.281250,0.281250,0.253968,1600
1973-08-22,0.281250,0.281250,0.281250,0.281250,0.253968,0
1973-08-23,0.281250,0.296875,0.281250,0.281250,0.253968,4800
1973-08-24,0.281250,0.296875,0.281250,0.281250,0.253968,1600
1973-08-27,0.281250,0.304688,0.281250,0.281250,0.253968,4800
1973-08-28,0.281250,0.281250,0.281250,0.281250,0.253968,0
1973-08-29,0.281250,0.304688,0.281250,0.281250,0.253968,24000
1973-08-30,0.289063,0.312500,0.289063,0.289063,0.261023,24000
1973-08-31,0.296875,0.312500,0.296875,0.296875,0.268077,6400
1973-09-04,0.296875,0.312500,0.296875,0.296875,0.268077,1600
1973-09-05,0.296875,0.320313,0.296875,0.296875,0.268077,44800
1973-09-06,0.320313,0.343750,0.320313,0.320313,0.289242,107200
1973-09-07,0.320313,0.343750,0.320313,0.320313,0.289242,14400
1973-09-10,0.320313,0.343750,0.320313,0.320313,0.289242,14400
1973-09-11,0.335938,0.359375,0.335938,0.335938,0.303351,44800
1973-09-12,0.351563,0.375000,0.351563,0.351563,0.317460,43200
1973-09-13,0.382813,0.406250,0.382813,0.382813,0.345679,25600
1973-09-14,0.382813,0.390625,0.367188,0.367188,0.331569,67200
1973-09-17,0.375000,0.390625,0.375000,0.375000,0.338624,68800
1973-09-18,0.375000,0.390625,0.375000,0.375000,0.338624,20800
1973-09-19,0.390625,0.414063,0.390625,0.390625,0.352734,44800
1973-09-20,0.406250,0.429688,0.406250,0.406250,0.366843,49600
1973-09-21,0.453125,0.476563,0.453125,0.453125,0.409171,102400
1973-09-24,0.468750,0.484375,0.468750,0.468750,0.423280,52800
1973-09-25,0.468750,0.476563,0.453125,0.453125,0.409171,35200
1973-09-26,0.453125,0.476563,0.453125,0.453125,0.409171,4800
1973-09-27,0.453125,0.453125,0.437500,0.437500,0.395062,97600
1973-09-28,0.429688,0.429688,0.406250,0.406250,0.366843,19200
1973-10-01,0.406250,0.421875,0.406250,0.406250,0.366843,16000
1973-10-02,0.406250,0.421875,0.398438,0.398438,0.359788,28800
1973-10-03,0.421875,0.445313,0.421875,0.421875,0.380952,48000
1973-10-04,0.429688,0.453125,0.429688,0.429688,0.388007,44800
1973-10-05,0.437500,0.453125,0.437500,0.437500,0.395062,4800
1973-10-08,0.437500,0.445313,0.421875,0.421875,0.380952,40000
1973-10-09,0.429688,0.453125,0.429688,0.429688,0.388007,38400
1973-10-10,0.398438,0.398438,0.375000,0.375000,0.338624,92800
1973-10-11,0.421875,0.445313,0.421875,0.421875,0.380952,107200
1973-10-12,0.476563,0.500000,0.476563,0.476563,0.430335,168000
1973-10-15,0.476563,0.484375,0.468750,0.468750,0.423280,120000
1973-10-16,0.468750,0.468750,0.453125,0.453125,0.409171,78400
1973-10-17,0.453125,0.460938,0.437500,0.437500,0.395062,16000
1973-10-18,0.445313,0.468750,0.445313,0.445313,0.402116,40000
1973-10-19,0.445313,0.468750,0.445313,0.445313,0.402116,1600
1973-10-22,0.445313,0.453125,0.429688,0.429688,0.388007,251200
1973-10-23,0.429688,0.453125,0.429688,0.429688,0.388007,30400
1973-10-24,0.429688,0.453125,0.429688,0.429688,0.388007,24000
1973-10-25,0.429688,0.445313,0.421875,0.421875,0.380952,4800
1973-10-26,0.421875,0.445313,0.421875,0.421875,0.380952,30400
1973-10-29,0.421875,0.421875,0.406250,0.406250,0.366843,43200
1973-10-30,0.406250,0.406250,0.382813,0.382813,0.345679,30400
1973-10-31,0.382813,0.406250,0.382813,0.382813,0.345679,4800
1973-11-01,0.382813,0.382813,0.382813,0.382813,0.345679,0
1973-11-02,0.382813,0.406250,0.382813,0.382813,0.345679,38400
1973-11-05,0.382813,0.398438,0.375000,0.375000,0.338624,11200
1973-11-06,0.375000,0.390625,0.375000,0.375000,0.338624,25600
1973-11-07,0.375000,0.390625,0.367188,0.367188,0.331569,9600
1973-11-08,0.359375,0.359375,0.343750,0.343750,0.310405,38400
1973-11-09,0.343750,0.359375,0.343750,0.343750,0.310405,16000
1973-11-12,0.343750,0.359375,0.335938,0.335938,0.303351,24000
1973-11-13,0.335938,0.351563,0.328125,0.328125,0.296296,6400
1973-11-14,0.328125,0.328125,0.304688,0.304688,0.275132,38400
1973-11-15,0.312500,0.328125,0.312500,0.312500,0.282187,1600
1973-11-16,0.312500,0.328125,0.312500,0.312500,0.282187,33600
1973-11-19,0.312500,0.328125,0.312500,0.312500,0.282187,4800
1973-11-20,0.312500,0.328125,0.312500,0.312500,0.282187,20800
1973-11-21,0.312500,0.328125,0.312500,0.312500,0.282187,11200
1973-11-23,0.312500,0.328125,0.312500,0.312500,0.282187,1600
1973-11-26,0.312500,0.328125,0.304688,0.304688,0.275132,4800
1973-11-27,0.304688,0.328125,0.304688,0.304688,0.275132,9600
1973-11-28,0.304688,0.320313,0.296875,0.296875,0.268077,24000
1973-11-29,0.296875,0.312500,0.289063,0.289063,0.261023,24000
1973-11-30,0.289063,0.312500,0.289063,0.289063,0.261023,9600
1973-12-03,0.289063,0.296875,0.273438,0.273438,0.246913,14400
1973-12-04,0.273438,0.281250,0.265625,0.265625,0.239859,16000
1973-12-05,0.265625,0.265625,0.242188,0.242188,0.218695,9600
1973-12-06,0.257813,0.281250,0.257813,0.257813,0.232804,19200
1973-12-07,0.265625,0.289063,0.265625,0.265625,0.239859,9600
1973-12-10,0.265625,0.289063,0.265625,0.265625,0.239859,9600
1973-12-11,0.265625,0.281250,0.257813,0.257813,0.232804,6400
1973-12-12,0.257813,0.273438,0.250000,0.250000,0.225749,11200
1973-12-13,0.250000,0.265625,0.250000,0.250000,0.225749,9600
1973-12-14,0.250000,0.265625,0.250000,0.250000,0.225749,14400
1973-12-17,0.250000,0.257813,0.234375,0.234375,0.211640,24000
1973-12-18,0.234375,0.250000,0.234375,0.234375,0.211640,1600
1973-12-19,0.234375,0.250000,0.234375,0.234375,0.211640,1600
1973-12-20,0.234375,0.257813,0.234375,0.234375,0.211640,9600
1973-12-21,0.234375,0.250000,0.226563,0.226563,0.204585,25600
1973-12-24,0.226563,0.250000,0.226563,0.226563,0.204585,4800
1973-12-26,0.226563,0.242188,0.218750,0.218750,0.197531,11200
1973-12-27,0.218750,0.242188,0.218750,0.218750,0.197531,16000
1973-12-28,0.218750,0.242188,0.218750,0.218750,0.197531,40000
1973-12-31,0.218750,0.242188,0.218750,0.218750,0.197531,14400
1974-01-02,0.226563,0.250000,0.226563,0.226563,0.204585,6400
1974-01-03,0.226563,0.242188,0.218750,0.218750,0.197531,4800
1974-01-04,0.218750,0.218750,0.218750,0.218750,0.197531,0
1974-01-07,0.218750,0.242188,0.218750,0.218750,0.197531,4800
1974-01-08,0.218750,0.242188,0.218750,0.218750,0.197531,6400
1974-01-09,0.218750,0.242188,0.218750,0.218750,0.197531,4800
1974-01-10,0.218750,0.234375,0.218750,0.218750,0.197531,1600
1974-01-11,0.218750,0.234375,0.218750,0.218750,0.197531,14400
1974-01-14,0.234375,0.257813,0.234375,0.234375,0.211640,131200
1974-01-15,0.234375,0.257813,0.234375,0.234375,0.211640,38400
1974-01-16,0.257813,0.281250,0.257813,0.257813,0.232804,73600
1974-01-17,0.265625,0.281250,0.265625,0.265625,0.239859,25600
1974-01-18,0.265625,0.281250,0.257813,0.257813,0.232804,38400
1974-01-21,0.265625,0.281250,0.265625,0.265625,0.239859,67200
1974-01-22,0.265625,0.281250,0.265625,0.265625,0.239859,4800
1974-01-23,0.265625,0.289063,0.265625,0.265625,0.239859,11200
1974-01-24,0.265625,0.289063,0.265625,0.265625,0.239859,14400
1974-01-25,0.265625,0.289063,0.265625,0.265625,0.239859,1600
1974-01-28,0.265625,0.289063,0.265625,0.265625,0.239859,11200
1974-01-29,0.265625,0.281250,0.265625,0.265625,0.239859,33600
1974-01-30,0.265625,0.273438,0.250000,0.250000,0.225749,35200
1974-01-31,0.250000,0.273438,0.250000,0.250000,0.225749,6400
1974-02-01,0.250000,0.265625,0.242188,0.242188,0.218695,40000
1974-02-04,0.242188,0.242188,0.242188,0.242188,0.218695,0
1974-02-05,0.242188,0.265625,0.242188,0.242188,0.218695,9600
1974-02-06,0.242188,0.265625,0.242188,0.242188,0.218695,1600
1974-02-07,0.242188,0.265625,0.242188,0.242188,0.218695,1600
1974-02-08,0.242188,0.242188,0.242188,0.242188,0.218695,0
1974-02-11,0.242188,0.265625,0.242188,0.242188,0.218695,4800
1974-02-12,0.242188,0.257813,0.234375,0.234375,0.211640,16000
1974-02-13,0.234375,0.257813,0.234375,0.234375,0.211640,1600
1974-02-14,0.234375,0.257813,0.234375,0.234375,0.211640,25600
1974-02-15,0.234375,0.250000,0.234375,0.234375,0.211640,14400
1974-02-19,0.234375,0.250000,0.234375,0.234375,0.211640,6400
1974-02-20,0.242188,0.265625,0.242188,0.242188,0.218695,57600
1974-02-21,0.250000,0.265625,0.250000,0.250000,0.225749,4800
1974-02-22,0.250000,0.265625,0.250000,0.250000,0.225749,1600
1974-02-25,0.250000,0.265625,0.242188,0.242188,0.218695,16000
1974-02-26,0.242188,0.265625,0.242188,0.242188,0.218695,16000
1974-02-27,0.242188,0.265625,0.242188,0.242188,0.218695,4800
1974-02-28,0.242188,0.242188,0.242188,0.242188,0.218695,0
1974-03-01,0.242188,0.242188,0.242188,0.242188,0.218695,0
1974-03-04,0.242188,0.242188,0.242188,0.242188,0.218695,0
1974-03-05,0.242188,0.257813,0.234375,0.234375,0.211640,24000
1974-03-06,0.234375,0.257813,0.234375,0.234375,0.211640,38400
1974-03-07,0.234375,0.234375,0.234375,0.234375,0.211640,0
1974-03-08,0.234375,0.234375,0.234375,0.234375,0.211640,0
1974-03-11,0.234375,0.257813,0.234375,0.234375,0.211640,14400
1974-03-12,0.234375,0.257813,0.234375,0.234375,0.211640,16000
1974-03-13,0.234375,0.250000,0.226563,0.226563,0.204585,83200
1974-03-14,0.226563,0.250000,0.226563,0.226563,0.204585,4800
1974-03-15,0.226563,0.250000,0.226563,0.226563,0.204585,25600
1974-03-18,0.226563,0.250000,0.226563,0.226563,0.204585,1600
1974-03-19,0.226563,0.242188,0.218750,0.218750,0.197531,11200
1974-03-20,0.218750,0.234375,0.218750,0.218750,0.197531,20800
1974-03-21,0.218750,0.234375,0.218750,0.218750,0.197531,28800
1974-03-22,0.218750,0.226563,0.203125,0.203125,0.183421,43200
1974-03-25,0.203125,0.226563,0.203125,0.203125,0.183421,11200
1974-03-26,0.203125,0.226563,0.203125,0.203125,0.183421,20800
1974-03-27,0.203125,0.226563,0.203125,0.203125,0.183421,9600
1974-03-28,0.203125,0.226563,0.203125,0.203125,0.183421,4800
1974-03-29,0.203125,0.226563,0.203125,0.203125,0.183421,4800
1974-04-01,0.203125,0.203125,0.203125,0.203125,0.183421,0
1974-04-02,0.203125,0.226563,0.203125,0.203125,0.183421,4800
1974-04-03,0.203125,0.226563,0.203125,0.203125,0.183421,1600
1974-04-04,0.203125,0.203125,0.203125,0.203125,0.183421,0
1974-04-05,0.203125,0.203125,0.203125,0.203125,0.183421,0
1974-04-08,0.203125,0.226563,0.203125,0.203125,0.183421,28800
1974-04-09,0.203125,0.203125,0.203125,0.203125,0.183421,0
1974-04-10,0.210938,0.234375,0.210938,0.210938,0.190476,4800
1974-04-11,0.210938,0.210938,0.210938,0.210938,0.190476,0
1974-04-15,0.210938,0.234375,0.210938,0.210938,0.190476,6400
1974-04-16,0.210938,0.234375,0.210938,0.210938,0.190476,6400
1974-04-17,0.210938,0.234375,0.210938,0.210938,0.190476,20800
1974-04-18,0.210938,0.210938,0.210938,0.210938,0.190476,0
1974-04-19,0.210938,0.210938,0.210938,0.210938,0.190476,0
1974-04-22,0.210938,0.226563,0.203125,0.203125,0.183421,4800
1974-04-23,0.203125,0.226563,0.203125,0.203125,0.183421,6400
1974-04-24,0.203125,0.203125,0.203125,0.203125,0.183421,0
1974-04-25,0.203125,0.218750,0.195313,0.195313,0.176367,4800
1974-04-26,0.195313,0.210938,0.187500,0.187500,0.169312,4800
1974-04-29,0.195313,0.218750,0.195313,0.195313,0.176367,6400
1974-04-30,0.195313,0.218750,0.195313,0.195313,0.176367,1600
1974-05-01,0.195313,0.195313,0.195313,0.195313,0.176367,0
1974-05-02,0.195313,0.210938,0.187500,0.187500,0.169312,54400
1974-05-03,0.187500,0.187500,0.187500,0.187500,0.169312,0
1974-05-06,0.187500,0.203125,0.187500,0.187500,0.169312,1600
1974-05-07,0.187500,0.203125,0.187500,0.187500,0.169312,1600
1974-05-08,0.187500,0.187500,0.187500,0.187500,0.169312,0
1974-05-09,0.187500,0.203125,0.187500,0.187500,0.169312,1600
1974-05-10,0.187500,0.203125,0.187500,0.187500,0.169312,11200
1974-05-13,0.187500,0.203125,0.187500,0.187500,0.169312,1600
1974-05-14,0.187500,0.187500,0.187500,0.187500,0.169312,0
1974-05-15,0.187500,0.203125,0.187500,0.187500,0.169312,1600
1974-05-16,0.187500,0.187500,0.187500,0.187500,0.169312,0
1974-05-17,0.187500,0.203125,0.187500,0.187500,0.169312,24000
1974-05-20,0.187500,0.187500,0.187500,0.187500,0.169312,0
1974-05-21,0.187500,0.187500,0.187500,0.187500,0.169312,0
1974-05-22,0.187500,0.203125,0.179688,0.179688,0.162257,6400
1974-05-23,0.179688,0.179688,0.179688,0.179688,0.162257,0
1974-05-24,0.179688,0.203125,0.179688,0.179688,0.162257,24000
1974-05-28,0.179688,0.203125,0.179688,0.179688,0.162257,24000
1974-05-29,0.179688,0.203125,0.179688,0.179688,0.162257,9600
1974-05-30,0.179688,0.179688,0.179688,0.179688,0.162257,0
1974-05-31,0.179688,0.203125,0.179688,0.179688,0.162257,1600
1974-06-03,0.179688,0.203125,0.179688,0.179688,0.162257,6400
1974-06-04,0.179688,0.203125,0.179688,0.179688,0.162257,1600
1974-06-05,0.179688,0.203125,0.179688,0.179688,0.162257,16000
1974-06-06,0.179688,0.195313,0.171875,0.171875,0.155203,4800
1974-06-07,0.171875,0.171875,0.171875,0.171875,0.155203,0
1974-06-10,0.171875,0.195313,0.171875,0.171875,0.155203,4800
1974-06-11,0.171875,0.187500,0.171875,0.171875,0.155203,11200
1974-06-12,0.171875,0.187500,0.171875,0.171875,0.155203,11200
1974-06-13,0.171875,0.187500,0.171875,0.171875,0.155203,24000
1974-06-14,0.171875,0.187500,0.164063,0.164063,0.148148,4800
1974-06-17,0.164063,0.187500,0.164063,0.164063,0.148148,1600
1974-06-18,0.164063,0.164063,0.140625,0.140625,0.126984,28800
1974-06-19,0.140625,0.140625,0.140625,0.140625,0.126984,0
1974-06-20,0.140625,0.140625,0.140625,0.140625,0.126984,0
1974-06-21,0.140625,0.140625,0.140625,0.140625,0.126984,0
1974-06-24,0.140625,0.140625,0.140625,0.140625,0.126984,0
1974-06-25,0.140625,0.156250,0.132813,0.132813,0.119929,33600
1974-06-26,0.132813,0.140625,0.125000,0.125000,0.112875,14400
1974-06-27,0.125000,0.148438,0.125000,0.125000,0.112875,11200
1974-06-28,0.125000,0.125000,0.125000,0.125000,0.112875,0
1974-07-01,0.125000,0.140625,0.125000,0.125000,0.112875,4800
1974-07-02,0.125000,0.132813,0.109375,0.109375,0.098765,20800
1974-07-03,0.109375,0.132813,0.109375,0.109375,0.098765,1600
1974-07-05,0.109375,0.109375,0.109375,0.109375,0.098765,0
1974-07-08,0.109375,0.132813,0.109375,0.109375,0.098765,6400
1974-07-09,0.109375,0.132813,0.109375,0.109375,0.098765,43200
1974-07-10,0.109375,0.132813,0.109375,0.109375,0.098765,54400
1974-07-11,0.109375,0.132813,0.109375,0.109375,0.098765,6400
1974-07-12,0.109375,0.132813,0.109375,0.109375,0.098765,14400
1974-07-15,0.109375,0.132813,0.109375,0.109375,0.098765,24000
1974-07-16,0.109375,0.132813,0.109375,0.109375,0.098765,4800
1974-07-17,0.117188,0.140625,0.117188,0.117188,0.105820,14400
1974-07-18,0.125000,0.140625,0.125000,0.125000,0.112875,30400
1974-07-19,0.125000,0.140625,0.125000,0.125000,0.112875,19200
1974-07-22,0.125000,0.140625,0.125000,0.125000,0.112875,11200
1974-07-23,0.125000,0.140625,0.125000,0.125000,0.112875,1600
1974-07-24,0.132813,0.156250,0.132813,0.132813,0.119929,28800
1974-07-25,0.132813,0.156250,0.132813,0.132813,0.119929,4800
1974-07-26,0.132813,0.132813,0.132813,0.132813,0.119929,0
1974-07-29,0.132813,0.148438,0.125000,0.125000,0.112875,11200
1974-07-30,0.125000,0.148438,0.125000,0.125000,0.112875,1600
1974-07-31,0.125000,0.125000,0.125000,0.125000,0.112875,0
1974-08-01,0.125000,0.140625,0.117188,0.117188,0.105820,30400
1974-08-02,0.117188,0.132813,0.109375,0.109375,0.098765,1600
1974-08-05,0.109375,0.132813,0.109375,0.109375,0.098765,6400
1974-08-06,0.109375,0.109375,0.109375,0.109375,0.098765,0
1974-08-07,0.117188,0.140625,0.117188,0.117188,0.105820,4800
1974-08-08,0.117188,0.140625,0.117188,0.117188,0.105820,14400
1974-08-09,0.117188,0.132813,0.109375,0.109375,0.098765,16000
1974-08-12,0.125000,0.140625,0.125000,0.125000,0.112875,16000
1974-08-13,0.125000,0.140625,0.125000,0.125000,0.112875,1600
1974-08-14,0.125000,0.125000,0.125000,0.125000,0.112875,0
1974-08-15,0.125000,0.140625,0.125000,0.125000,0.112875,1600
1974-08-16,0.125000,0.140625,0.125000,0.125000,0.112875,1600
1974-08-19,0.125000,0.140625,0.125000,0.125000,0.112875,1600
1974-08-20,0.125000,0.140625,0.125000,0.125000,0.112875,6400
1974-08-21,0.125000,0.132813,0.109375,0.109375,0.098765,9600
1974-08-22,0.109375,0.132813,0.109375,0.109375,0.098765,4800
1974-08-23,0.109375,0.109375,0.109375,0.109375,0.098765,0
1974-08-26,0.109375,0.125000,0.109375,0.109375,0.098765,19200
1974-08-27,0.109375,0.125000,0.109375,0.109375,0.098765,4800
1974-08-28,0.109375,0.132813,0.109375,0.109375,0.098765,25600
1974-08-29,0.109375,0.125000,0.109375,0.109375,0.098765,25600
1974-08-30,0.109375,0.109375,0.109375,0.109375,0.098765,0
1974-09-03,0.109375,0.125000,0.109375,0.109375,0.098765,4800
1974-09-04,0.109375,0.125000,0.109375,0.109375,0.098765,14400
1974-09-05,0.109375,0.109375,0.109375,0.109375,0.098765,0
1974-09-06,0.109375,0.109375,0.109375,0.109375,0.098765,0
1974-09-09,0.109375,0.109375,0.109375,0.109375,0.098765,0
1974-09-10,0.109375,0.117188,0.093750,0.093750,0.084656,6400
1974-09-11,0.101563,0.125000,0.101563,0.101563,0.091711,4800
1974-09-12,0.101563,0.109375,0.085938,0.085938,0.077601,25600
1974-09-13,0.085938,0.085938,0.062500,0.062500,0.056437,59200
1974-09-16,0.062500,0.085938,0.062500,0.062500,0.056437,16000
1974-09-17,0.070313,0.093750,0.070313,0.070313,0.063492,30400
1974-09-18,0.070313,0.070313,0.070313,0.070313,0.063492,0
1974-09-19,0.070313,0.070313,0.070313,0.070313,0.063492,0
1974-09-20,0.078125,0.101563,0.078125,0.078125,0.070547,4800
1974-09-23,0.078125,0.093750,0.078125,0.078125,0.070547,25600
1974-09-24,0.078125,0.078125,0.078125,0.078125,0.070547,0
1974-09-25,0.078125,0.093750,0.078125,0.078125,0.070547,11200
1974-09-26,0.078125,0.078125,0.078125,0.078125,0.070547,0
1974-09-27,0.078125,0.093750,0.078125,0.078125,0.070547,1600
1974-09-30,0.078125,0.078125,0.078125,0.078125,0.070547,0
1974-10-01,0.078125,0.093750,0.078125,0.078125,0.070547,1600
1974-10-02,0.078125,0.093750,0.078125,0.078125,0.070547,1600
1974-10-03,0.078125,0.093750,0.078125,0.078125,0.070547,14400
1974-10-04,0.078125,0.093750,0.070313,0.070313,0.063492,14400
1974-10-07,0.078125,0.093750,0.078125,0.078125,0.070547,14400
1974-10-08,0.078125,0.093750,0.078125,0.078125,0.070547,4800
1974-10-09,0.085938,0.109375,0.085938,0.085938,0.077601,62400
1974-10-10,0.085938,0.109375,0.085938,0.085938,0.077601,16000
1974-10-11,0.085938,0.109375,0.085938,0.085938,0.077601,14400
1974-10-14,0.085938,0.109375,0.085938,0.085938,0.077601,16000
1974-10-15,0.093750,0.109375,0.093750,0.093750,0.084656,76800
1974-10-16,0.093750,0.109375,0.093750,0.093750,0.084656,4800
1974-10-17,0.093750,0.109375,0.093750,0.093750,0.084656,25600
1974-10-18,0.093750,0.109375,0.093750,0.093750,0.084656,1600
1974-10-21,0.093750,0.109375,0.093750,0.093750,0.084656,1600
1974-10-22,0.093750,0.093750,0.093750,0.093750,0.084656,0
1974-10-23,0.093750,0.109375,0.085938,0.085938,0.077601,4800
1974-10-24,0.085938,0.109375,0.085938,0.085938,0.077601,11200
1974-10-25,0.085938,0.109375,0.085938,0.085938,0.077601,6400
1974-10-28,0.085938,0.085938,0.085938,0.085938,0.077601,0
1974-10-29,0.085938,0.085938,0.085938,0.085938,0.077601,0
1974-10-30,0.085938,0.109375,0.085938,0.085938,0.077601,30400
1974-10-31,0.093750,0.117188,0.093750,0.093750,0.084656,4800
1974-11-01,0.093750,0.093750,0.093750,0.093750,0.084656,0
1974-11-04,0.093750,0.109375,0.093750,0.093750,0.084656,6400
1974-11-05,0.093750,0.093750,0.093750,0.093750,0.084656,0
1974-11-06,0.093750,0.109375,0.093750,0.093750,0.084656,1600
1974-11-07,0.093750,0.109375,0.093750,0.093750,0.084656,14400
1974-11-08,0.093750,0.093750,0.093750,0.093750,0.084656,0
1974-11-11,0.093750,0.109375,0.093750,0.093750,0.084656,283200
1974-11-12,0.093750,0.093750,0.093750,0.093750,0.084656,0
1974-11-13,0.093750,0.093750,0.093750,0.093750,0.084656,0
1974-11-14,0.093750,0.109375,0.093750,0.093750,0.084656,20800
1974-11-15,0.093750,0.093750,0.078125,0.078125,0.070547,16000
1974-11-18,0.078125,0.093750,0.078125,0.078125,0.070547,1600
1974-11-19,0.078125,0.093750,0.078125,0.078125,0.070547,6400
1974-11-20,0.078125,0.085938,0.070313,0.070313,0.063492,1600
1974-11-21,0.070313,0.085938,0.070313,0.070313,0.063492,16000
1974-11-22,0.070313,0.078125,0.062500,0.062500,0.056437,33600
1974-11-25,0.062500,0.078125,0.062500,0.062500,0.056437,30400
1974-11-26,0.062500,0.078125,0.062500,0.062500,0.056437,33600
1974-11-27,0.062500,0.062500,0.062500,0.062500,0.056437,0
1974-11-29,0.062500,0.078125,0.062500,0.062500,0.056437,1600
1974-12-02,0.062500,0.078125,0.062500,0.062500,0.056437,1600
1974-12-03,0.062500,0.078125,0.062500,0.062500,0.056437,1600
1974-12-04,0.062500,0.078125,0.062500,0.062500,0.056437,4800
1974-12-05,0.062500,0.062500,0.062500,0.062500,0.056437,0
1974-12-06,0.062500,0.078125,0.062500,0.062500,0.056437,4800
1974-12-09,0.062500,0.070313,0.054688,0.054688,0.049383,25600
1974-12-10,0.054688,0.070313,0.054688,0.054688,0.049383,11200
1974-12-11,0.054688,0.070313,0.054688,0.054688,0.049383,1600
1974-12-12,0.062500,0.078125,0.062500,0.062500,0.056437,73600
1974-12-13,0.062500,0.078125,0.062500,0.062500,0.056437,11200
1974-12-16,0.062500,0.078125,0.062500,0.062500,0.056437,4800
1974-12-17,0.062500,0.078125,0.062500,0.062500,0.056437,6400
1974-12-18,0.062500,0.078125,0.062500,0.062500,0.056437,1600
1974-12-19,0.062500,0.078125,0.062500,0.062500,0.056437,6400
1974-12-20,0.062500,0.078125,0.062500,0.062500,0.056437,9600
1974-12-23,0.062500,0.078125,0.062500,0.062500,0.056437,28800
1974-12-24,0.062500,0.078125,0.062500,0.062500,0.056437,4800
1974-12-26,0.062500,0.078125,0.062500,0.062500,0.056437,1600
1974-12-27,0.062500,0.078125,0.062500,0.062500,0.056437,19200
1974-12-30,0.062500,0.078125,0.062500,0.062500,0.056437,73600
1974-12-31,0.062500,0.078125,0.062500,0.062500,0.056437,14400
1975-01-02,0.062500,0.062500,0.062500,0.062500,0.056437,0
1975-01-03,0.062500,0.062500,0.062500,0.062500,0.056437,0
1975-01-06,0.062500,0.078125,0.062500,0.062500,0.056437,9600
1975-01-07,0.062500,0.062500,0.062500,0.062500,0.056437,0
1975-01-08,0.062500,0.070313,0.054688,0.054688,0.049383,38400
1975-01-09,0.062500,0.078125,0.062500,0.062500,0.056437,150400
1975-01-10,0.062500,0.078125,0.062500,0.062500,0.056437,19200
1975-01-13,0.062500,0.078125,0.062500,0.062500,0.056437,14400
1975-01-14,0.062500,0.062500,0.062500,0.062500,0.056437,0
1975-01-15,0.062500,0.078125,0.062500,0.062500,0.056437,6400
1975-01-16,0.062500,0.062500,0.062500,0.062500,0.056437,0
1975-01-17,0.070313,0.085938,0.070313,0.070313,0.063492,83200
1975-01-20,0.070313,0.085938,0.070313,0.070313,0.063492,1600
1975-01-21,0.070313,0.078125,0.062500,0.062500,0.056437,11200
1975-01-22,0.062500,0.062500,0.062500,0.062500,0.056437,0
1975-01-23,0.062500,0.078125,0.062500,0.062500,0.056437,24000
1975-01-24,0.062500,0.078125,0.062500,0.062500,0.056437,4800
1975-01-27,0.062500,0.078125,0.062500,0.062500,0.056437,43200
1975-01-28,0.062500,0.078125,0.062500,0.062500,0.056437,59200
1975-01-29,0.062500,0.078125,0.062500,0.062500,0.056437,14400
1975-01-30,0.062500,0.078125,0.062500,0.062500,0.056437,1600
1975-01-31,0.062500,0.062500,0.062500,0.062500,0.056437,0
1975-02-03,0.062500,0.062500,0.062500,0.062500,0.056437,0
1975-02-04,0.062500,0.078125,0.062500,0.062500,0.056437,4800
1975-02-05,0.062500,0.062500,0.062500,0.062500,0.056437,0
1975-02-06,0.062500,0.078125,0.062500,0.062500,0.056437,9600
1975-02-07,0.062500,0.062500,0.062500,0.062500,0.056437,0
1975-02-10,0.062500,0.078125,0.062500,0.062500,0.056437,6400
1975-02-11,0.062500,0.062500,0.062500,0.062500,0.056437,0
1975-02-12,0.062500,0.078125,0.062500,0.062500,0.056437,24000
1975-02-13,0.070313,0.085938,0.070313,0.070313,0.063492,67200
1975-02-14,0.070313,0.070313,0.070313,0.070313,0.063492,0
1975-02-18,0.070313,0.085938,0.070313,0.070313,0.063492,52800
1975-02-19,0.070313,0.085938,0.070313,0.070313,0.063492,11200
1975-02-20,0.070313,0.085938,0.070313,0.070313,0.063492,20800
1975-02-21,0.070313,0.085938,0.070313,0.070313,0.063492,4800
1975-02-24,0.070313,0.078125,0.062500,0.062500,0.056437,4800
1975-02-25,0.062500,0.078125,0.062500,0.062500,0.056437,11200
1975-02-26,0.062500,0.078125,0.062500,0.062500,0.056437,1600
1975-02-27,0.062500,0.078125,0.062500,0.062500,0.056437,28800
1975-02-28,0.062500,0.078125,0.062500,0.062500,0.056437,9600
1975-03-03,0.062500,0.078125,0.062500,0.062500,0.056437,1600
1975-03-04,0.078125,0.093750,0.078125,0.078125,0.070547,187200
1975-03-05,0.078125,0.093750,0.078125,0.078125,0.070547,1600
1975-03-06,0.078125,0.093750,0.078125,0.078125,0.070547,1600
1975-03-07,0.078125,0.085938,0.070313,0.070313,0.063492,48000
1975-03-10,0.070313,0.085938,0.070313,0.070313,0.063492,1600
1975-03-11,0.070313,0.085938,0.070313,0.070313,0.063492,14400
1975-03-12,0.070313,0.070313,0.054688,0.054688,0.049383,169600
1975-03-13,0.054688,0.070313,0.054688,0.054688,0.049383,9600
1975-03-14,0.054688,0.070313,0.054688,0.054688,0.049383,1600
1975-03-17,0.054688,0.070313,0.054688,0.054688,0.049383,73600
1975-03-18,0.054688,0.070313,0.054688,0.054688,0.049383,44800
1975-03-19,0.062500,0.078125,0.062500,0.062500,0.056437,73600
1975-03-20,0.062500,0.078125,0.062500,0.062500,0.056437,350400
1975-03-21,0.062500,0.078125,0.062500,0.062500,0.056437,246400
1975-03-24,0.070313,0.085938,0.070313,0.070313,0.063492,43200
1975-03-25,0.070313,0.070313,0.062500,0.062500,0.056437,110400
1975-03-26,0.062500,0.070313,0.062500,0.062500,0.056437,6400
1975-03-27,0.062500,0.070313,0.062500,0.062500,0.056437,25600
1975-03-31,0.062500,0.070313,0.062500,0.062500,0.056437,78400
1975-04-01,0.062500,0.070313,0.062500,0.062500,0.056437,1600
1975-04-02,0.062500,0.062500,0.062500,0.062500,0.056437,9600
1975-04-03,0.062500,0.062500,0.062500,0.062500,0.056437,24000
1975-04-04,0.062500,0.062500,0.062500,0.062500,0.056437,28800
1975-04-07,0.062500,0.062500,0.062500,0.062500,0.056437,0
1975-04-08,0.062500,0.062500,0.062500,0.062500,0.056437,44800
1975-04-09,0.062500,0.062500,0.062500,0.062500,0.056437,35200
1975-04-10,0.062500,0.062500,0.062500,0.062500,0.056437,14400
1975-04-11,0.062500,0.062500,0.062500,0.062500,0.056437,0
1975-04-14,0.062500,0.062500,0.062500,0.062500,0.056437,0
1975-04-15,0.062500,0.078125,0.062500,0.062500,0.056437,107200
1975-04-16,0.062500,0.078125,0.062500,0.062500,0.056437,24000
1975-04-17,0.062500,0.078125,0.062500,0.062500,0.056437,4800
1975-04-18,0.062500,0.078125,0.062500,0.062500,0.056437,4800
1975-04-21,0.062500,0.078125,0.062500,0.062500,0.056437,1600
1975-04-22,0.062500,0.078125,0.062500,0.062500,0.056437,24000
1975-04-23,0.062500,0.078125,0.062500,0.062500,0.056437,1600
1975-04-24,0.062500,0.078125,0.062500,0.062500,0.056437,14400
1975-04-25,0.062500,0.078125,0.062500,0.062500,0.056437,62400
1975-04-28,0.062500,0.078125,0.062500,0.062500,0.056437,11200
1975-04-29,0.062500,0.078125,0.062500,0.062500,0.056437,4800
1975-04-30,0.062500,0.062500,0.062500,0.062500,0.056437,0
1975-05-01,0.062500,0.078125,0.062500,0.062500,0.056437,76800
1975-05-02,0.062500,0.062500,0.062500,0.062500,0.056437,0
1975-05-05,0.062500,0.078125,0.062500,0.062500,0.056437,4800
1975-05-06,0.062500,0.078125,0.062500,0.062500,0.056437,35200
1975-05-07,0.062500,0.078125,0.062500,0.062500,0.056437,24000
1975-05-08,0.062500,0.078125,0.062500,0.062500,0.056437,35200
1975-05-09,0.062500,0.078125,0.062500,0.062500,0.056437,1600
1975-05-12,0.062500,0.078125,0.062500,0.062500,0.056437,1600
1975-05-13,0.062500,0.078125,0.062500,0.062500,0.056437,24000
1975-05-14,0.062500,0.078125,0.062500,0.062500,0.056437,48000
1975-05-15,0.062500,0.070313,0.062500,0.062500,0.056437,14400
1975-05-16,0.062500,0.062500,0.062500,0.062500,0.056437,0
1975-05-19,0.062500,0.070313,0.062500,0.062500,0.056437,62400
1975-05-20,0.062500,0.078125,0.062500,0.062500,0.056437,302400
1975-05-21,0.070313,0.078125,0.070313,0.070313,0.063492,68800
1975-05-22,0.078125,0.093750,0.078125,0.078125,0.070547,208000
1975-05-23,0.093750,0.109375,0.093750,0.093750,0.084656,153600
1975-05-27,0.101563,0.117188,0.101563,0.101563,0.091711,52800
1975-05-28,0.093750,0.093750,0.078125,0.078125,0.070547,129600
1975-05-29,0.078125,0.093750,0.078125,0.078125,0.070547,35200
1975-05-30,0.085938,0.101563,0.085938,0.085938,0.077601,24000
1975-06-02,0.093750,0.109375,0.093750,0.093750,0.084656,35200
1975-06-03,0.093750,0.109375,0.093750,0.093750,0.084656,1600
1975-06-04,0.093750,0.101563,0.085938,0.085938,0.077601,107200
1975-06-05,0.085938,0.093750,0.078125,0.078125,0.070547,48000
1975-06-06,0.085938,0.101563,0.085938,0.085938,0.077601,43200
1975-06-09,0.093750,0.109375,0.093750,0.093750,0.084656,30400
1975-06-10,0.093750,0.109375,0.093750,0.093750,0.084656,1600
1975-06-11,0.093750,0.109375,0.093750,0.093750,0.084656,16000
1975-06-12,0.093750,0.101563,0.085938,0.085938,0.077601,62400
1975-06-13,0.085938,0.093750,0.078125,0.078125,0.070547,9600
1975-06-16,0.078125,0.093750,0.078125,0.078125,0.070547,24000
1975-06-17,0.085938,0.101563,0.085938,0.085938,0.077601,4800
1975-06-18,0.085938,0.085938,0.085938,0.085938,0.077601,0
1975-06-19,0.085938,0.101563,0.085938,0.085938,0.077601,1600
1975-06-20,0.085938,0.101563,0.085938,0.085938,0.077601,11200
1975-06-23,0.093750,0.109375,0.093750,0.093750,0.084656,78400
1975-06-24,0.093750,0.109375,0.093750,0.093750,0.084656,54400
1975-06-25,0.093750,0.109375,0.093750,0.093750,0.084656,57600
1975-06-26,0.093750,0.109375,0.093750,0.093750,0.084656,1600
1975-06-27,0.093750,0.109375,0.093750,0.093750,0.084656,24000
1975-06-30,0.093750,0.109375,0.093750,0.093750,0.084656,121600
1975-07-01,0.093750,0.109375,0.093750,0.093750,0.084656,24000
1975-07-02,0.093750,0.101563,0.085938,0.085938,0.077601,91200
1975-07-03,0.085938,0.085938,0.085938,0.085938,0.077601,0
1975-07-07,0.085938,0.101563,0.085938,0.085938,0.077601,20800
1975-07-08,0.085938,0.085938,0.085938,0.085938,0.077601,0
1975-07-09,0.085938,0.101563,0.085938,0.085938,0.077601,6400
1975-07-10,0.085938,0.093750,0.078125,0.078125,0.070547,11200
1975-07-11,0.078125,0.093750,0.078125,0.078125,0.070547,1600
1975-07-14,0.093750,0.109375,0.093750,0.093750,0.084656,38400
1975-07-15,0.093750,0.109375,0.093750,0.093750,0.084656,59200
1975-07-16,0.093750,0.109375,0.093750,0.093750,0.084656,48000
1975-07-17,0.093750,0.109375,0.093750,0.093750,0.084656,1600
1975-07-18,0.093750,0.101563,0.085938,0.085938,0.077601,24000
1975-07-21,0.085938,0.101563,0.085938,0.085938,0.077601,24000
1975-07-22,0.085938,0.101563,0.085938,0.085938,0.077601,1600
1975-07-23,0.085938,0.101563,0.085938,0.085938,0.077601,14400
1975-07-24,0.085938,0.093750,0.078125,0.078125,0.070547,24000
1975-07-25,0.078125,0.078125,0.078125,0.078125,0.070547,0
1975-07-28,0.078125,0.093750,0.078125,0.078125,0.070547,14400
1975-07-29,0.078125,0.078125,0.078125,0.078125,0.070547,0
1975-07-30,0.078125,0.078125,0.078125,0.078125,0.070547,0
1975-07-31,0.078125,0.093750,0.078125,0.078125,0.070547,14400
1975-08-01,0.078125,0.078125,0.078125,0.078125,0.070547,0
1975-08-04,0.078125,0.078125,0.078125,0.078125,0.070547,0
1975-08-05,0.078125,0.078125,0.078125,0.078125,0.070547,0
1975-08-06,0.078125,0.078125,0.062500,0.062500,0.056437,96000
1975-08-07,0.062500,0.062500,0.062500,0.062500,0.056437,0
1975-08-08,0.062500,0.062500,0.062500,0.062500,0.056437,0
1975-08-11,0.062500,0.078125,0.062500,0.062500,0.056437,9600
1975-08-12,0.062500,0.078125,0.062500,0.062500,0.056437,33600
1975-08-13,0.062500,0.078125,0.062500,0.062500,0.056437,14400
1975-08-14,0.062500,0.078125,0.062500,0.062500,0.056437,24000
1975-08-15,0.062500,0.070313,0.054688,0.054688,0.049383,24000
1975-08-18,0.054688,0.054688,0.054688,0.054688,0.049383,0
1975-08-19,0.054688,0.062500,0.046875,0.046875,0.042328,28800
1975-08-20,0.046875,0.062500,0.046875,0.046875,0.042328,44800
1975-08-21,0.054688,0.070313,0.054688,0.054688,0.049383,24000
1975-08-22,0.054688,0.070313,0.054688,0.054688,0.049383,14400
1975-08-25,0.054688,0.070313,0.054688,0.054688,0.049383,19200
1975-08-26,0.054688,0.054688,0.054688,0.054688,0.049383,0
1975-08-27,0.054688,0.070313,0.054688,0.054688,0.049383,1600
1975-08-28,0.054688,0.062500,0.046875,0.046875,0.042328,16000
1975-08-29,0.046875,0.062500,0.046875,0.046875,0.042328,4800
1975-09-02,0.046875,0.046875,0.046875,0.046875,0.042328,0
1975-09-03,0.046875,0.062500,0.046875,0.046875,0.042328,43200
1975-09-04,0.046875,0.046875,0.046875,0.046875,0.042328,0
1975-09-05,0.046875,0.062500,0.046875,0.046875,0.042328,11200
1975-09-08,0.046875,0.046875,0.046875,0.046875,0.042328,0
1975-09-09,0.054688,0.062500,0.054688,0.054688,0.049383,4800
1975-09-10,0.054688,0.054688,0.054688,0.054688,0.049383,0
1975-09-11,0.054688,0.062500,0.054688,0.054688,0.049383,9600
1975-09-12,0.054688,0.062500,0.054688,0.054688,0.049383,6400
1975-09-15,0.054688,0.054688,0.054688,0.054688,0.049383,0
1975-09-16,0.054688,0.054688,0.054688,0.054688,0.049383,0
1975-09-17,0.054688,0.054688,0.054688,0.054688,0.049383,0
1975-09-18,0.054688,0.054688,0.054688,0.054688,0.049383,0
1975-09-19,0.054688,0.062500,0.054688,0.054688,0.049383,92800
1975-09-22,0.054688,0.062500,0.046875,0.046875,0.042328,57600
1975-09-23,0.046875,0.062500,0.046875,0.046875,0.042328,20800
1975-09-24,0.046875,0.046875,0.046875,0.046875,0.042328,0
1975-09-25,0.046875,0.062500,0.046875,0.046875,0.042328,68800
1975-09-26,0.046875,0.062500,0.046875,0.046875,0.042328,11200
1975-09-29,0.046875,0.062500,0.046875,0.046875,0.042328,38400
1975-09-30,0.046875,0.062500,0.046875,0.046875,0.042328,14400
1975-10-01,0.046875,0.054688,0.046875,0.046875,0.042328,28800
1975-10-02,0.046875,0.054688,0.046875,0.046875,0.042328,35200
1975-10-03,0.046875,0.046875,0.046875,0.046875,0.042328,0
1975-10-06,0.046875,0.054688,0.046875,0.046875,0.042328,1600
1975-10-07,0.046875,0.054688,0.046875,0.046875,0.042328,40000
1975-10-08,0.046875,0.046875,0.046875,0.046875,0.042328,0
1975-10-09,0.046875,0.046875,0.046875,0.046875,0.042328,0
1975-10-10,0.046875,0.054688,0.046875,0.046875,0.042328,1600
1975-10-13,0.046875,0.054688,0.046875,0.046875,0.042328,49600
1975-10-14,0.046875,0.054688,0.046875,0.046875,0.042328,4800
1975-10-15,0.046875,0.054688,0.046875,0.046875,0.042328,73600
1975-10-16,0.046875,0.054688,0.046875,0.046875,0.042328,1600
1975-10-17,0.046875,0.054688,0.046875,0.046875,0.042328,24000
1975-10-20,0.046875,0.046875,0.046875,0.046875,0.042328,0
1975-10-21,0.046875,0.046875,0.046875,0.046875,0.042328,0
1975-10-22,0.046875,0.054688,0.046875,0.046875,0.042328,9600
1975-10-23,0.046875,0.054688,0.046875,0.046875,0.042328,59200
1975-10-24,0.046875,0.054688,0.046875,0.046875,0.042328,19200
1975-10-27,0.046875,0.054688,0.046875,0.046875,0.042328,4800
1975-10-28,0.046875,0.046875,0.046875,0.046875,0.042328,0
1975-10-29,0.046875,0.046875,0.046875,0.046875,0.042328,0
1975-10-30,0.046875,0.046875,0.046875,0.046875,0.042328,0
1975-10-31,0.046875,0.046875,0.046875,0.046875,0.042328,0
1975-11-03,0.046875,0.046875,0.046875,0.046875,0.042328,0
1975-11-04,0.046875,0.046875,0.046875,0.046875,0.042328,0
1975-11-05,0.046875,0.054688,0.046875,0.046875,0.042328,1600
1975-11-06,0.046875,0.054688,0.046875,0.046875,0.042328,4800
1975-11-07,0.046875,0.046875,0.046875,0.046875,0.042328,0
1975-11-10,0.046875,0.046875,0.046875,0.046875,0.042328,0
1975-11-11,0.046875,0.054688,0.046875,0.046875,0.042328,11200
1975-11-12,0.046875,0.054688,0.046875,0.046875,0.042328,14400
1975-11-13,0.046875,0.054688,0.046875,0.046875,0.042328,4800
1975-11-14,0.046875,0.054688,0.046875,0.046875,0.042328,120000
1975-11-17,0.046875,0.062500,0.046875,0.046875,0.042328,86400
1975-11-18,0.046875,0.062500,0.046875,0.046875,0.042328,72000
1975-11-19,0.046875,0.062500,0.046875,0.046875,0.042328,11200
1975-11-20,0.046875,0.054688,0.046875,0.046875,0.042328,33600
1975-11-21,0.046875,0.054688,0.046875,0.046875,0.042328,4800
1975-11-24,0.046875,0.054688,0.046875,0.046875,0.042328,1600
1975-11-25,0.046875,0.046875,0.046875,0.046875,0.042328,0
1975-11-26,0.046875,0.054688,0.046875,0.046875,0.042328,9600
1975-11-28,0.046875,0.054688,0.046875,0.046875,0.042328,35200
1975-12-01,0.046875,0.054688,0.046875,0.046875,0.042328,6400
1975-12-02,0.046875,0.054688,0.046875,0.046875,0.042328,1600
1975-12-03,0.046875,0.046875,0.039063,0.039063,0.035273,35200
1975-12-04,0.039063,0.046875,0.039063,0.039063,0.035273,28800
1975-12-05,0.039063,0.046875,0.039063,0.039063,0.035273,6400
1975-12-08,0.039063,0.039063,0.039063,0.039063,0.035273,0
1975-12-09,0.039063,0.046875,0.039063,0.039063,0.035273,6400
1975-12-10,0.039063,0.046875,0.039063,0.039063,0.035273,24000
1975-12-11,0.046875,0.054688,0.046875,0.046875,0.042328,9600
1975-12-12,0.046875,0.054688,0.046875,0.046875,0.042328,20800
1975-12-15,0.046875,0.046875,0.046875,0.046875,0.042328,0
1975-12-16,0.046875,0.054688,0.046875,0.046875,0.042328,64000
1975-12-17,0.046875,0.054688,0.046875,0.046875,0.042328,1600
1975-12-18,0.046875,0.054688,0.046875,0.046875,0.042328,107200
1975-12-19,0.046875,0.062500,0.046875,0.046875,0.042328,19200
1975-12-22,0.046875,0.062500,0.046875,0.046875,0.042328,64000
1975-12-23,0.054688,0.062500,0.054688,0.054688,0.049383,49600
1975-12-24,0.062500,0.070313,0.062500,0.062500,0.056437,38400
1975-12-26,0.062500,0.070313,0.062500,0.062500,0.056437,33600
1975-12-29,0.062500,0.070313,0.062500,0.062500,0.056437,20800
1975-12-30,0.062500,0.070313,0.062500,0.062500,0.056437,83200
1975-12-31,0.062500,0.070313,0.062500,0.062500,0.056437,1600
1976-01-02,0.062500,0.062500,0.062500,0.062500,0.056437,0
1976-01-05,0.062500,0.062500,0.062500,0.062500,0.056437,0
1976-01-06,0.062500,0.070313,0.062500,0.062500,0.056437,24000
1976-01-07,0.062500,0.070313,0.062500,0.062500,0.056437,62400
1976-01-08,0.070313,0.078125,0.070313,0.070313,0.063492,73600
1976-01-09,0.078125,0.093750,0.078125,0.078125,0.070547,62400
1976-01-12,0.078125,0.093750,0.078125,0.078125,0.070547,28800
1976-01-13,0.078125,0.078125,0.070313,0.070313,0.063492,48000
1976-01-14,0.078125,0.085938,0.078125,0.078125,0.070547,33600
1976-01-15,0.078125,0.085938,0.078125,0.078125,0.070547,4800
1976-01-16,0.078125,0.085938,0.078125,0.078125,0.070547,40000
1976-01-19,0.085938,0.093750,0.085938,0.085938,0.077601,105600
1976-01-20,0.085938,0.093750,0.085938,0.085938,0.077601,25600
1976-01-21,0.085938,0.093750,0.085938,0.085938,0.077601,6400
1976-01-22,0.085938,0.093750,0.085938,0.085938,0.077601,116800
1976-01-23,0.085938,0.093750,0.085938,0.085938,0.077601,25600
1976-01-26,0.085938,0.093750,0.078125,0.078125,0.070547,96000
1976-01-27,0.078125,0.085938,0.078125,0.078125,0.070547,28800
1976-01-28,0.078125,0.085938,0.078125,0.078125,0.070547,1600
1976-01-29,0.078125,0.078125,0.078125,0.078125,0.070547,0
1976-01-30,0.078125,0.078125,0.078125,0.078125,0.070547,0
1976-02-02,0.078125,0.093750,0.078125,0.078125,0.070547,76800
1976-02-03,0.078125,0.093750,0.078125,0.078125,0.070547,16000
1976-02-04,0.078125,0.093750,0.078125,0.078125,0.070547,14400
1976-02-05,0.078125,0.093750,0.078125,0.078125,0.070547,4800
1976-02-06,0.078125,0.093750,0.078125,0.078125,0.070547,1600
1976-02-09,0.078125,0.085938,0.078125,0.078125,0.070547,25600
1976-02-10,0.078125,0.085938,0.078125,0.078125,0.070547,4800
1976-02-11,0.093750,0.101563,0.093750,0.093750,0.084656,307200
1976-02-12,0.109375,0.125000,0.109375,0.109375,0.098765,148800
1976-02-13,0.109375,0.125000,0.109375,0.109375,0.098765,28800
1976-02-17,0.109375,0.125000,0.109375,0.109375,0.098765,43200
1976-02-18,0.109375,0.125000,0.109375,0.109375,0.098765,11200
1976-02-19,0.117188,0.132813,0.117188,0.117188,0.105820,35200
1976-02-20,0.117188,0.132813,0.117188,0.117188,0.105820,14400
1976-02-23,0.117188,0.132813,0.117188,0.117188,0.105820,1600
1976-02-24,0.125000,0.140625,0.125000,0.125000,0.112875,1600
1976-02-25,0.125000,0.140625,0.125000,0.125000,0.112875,9600
1976-02-26,0.125000,0.125000,0.109375,0.109375,0.098765,67200
1976-02-27,0.109375,0.125000,0.109375,0.109375,0.098765,28800
1976-03-01,0.109375,0.109375,0.109375,0.109375,0.098765,0
1976-03-02,0.109375,0.125000,0.109375,0.109375,0.098765,28800
1976-03-03,0.109375,0.109375,0.109375,0.109375,0.098765,0
1976-03-04,0.109375,0.109375,0.109375,0.109375,0.098765,0
1976-03-05,0.109375,0.117188,0.101563,0.101563,0.091711,67200
1976-03-08,0.101563,0.109375,0.093750,0.093750,0.084656,49600
1976-03-09,0.093750,0.093750,0.093750,0.093750,0.084656,0
1976-03-10,0.093750,0.109375,0.093750,0.093750,0.084656,16000
1976-03-11,0.093750,0.093750,0.093750,0.093750,0.084656,0
1976-03-12,0.093750,0.109375,0.093750,0.093750,0.084656,11200
1976-03-15,0.093750,0.109375,0.093750,0.093750,0.084656,24000
1976-03-16,0.101563,0.117188,0.101563,0.101563,0.091711,1600
1976-03-17,0.101563,0.117188,0.101563,0.101563,0.091711,28800
1976-03-18,0.101563,0.117188,0.101563,0.101563,0.091711,1600
1976-03-19,0.101563,0.101563,0.101563,0.101563,0.091711,0
1976-03-22,0.117188,0.132813,0.117188,0.117188,0.105820,102400
1976-03-23,0.117188,0.117188,0.101563,0.101563,0.091711,67200
1976-03-24,0.101563,0.117188,0.101563,0.101563,0.091711,1600
1976-03-25,0.101563,0.101563,0.101563,0.101563,0.091711,0
1976-03-26,0.101563,0.101563,0.101563,0.101563,0.091711,0
1976-03-29,0.101563,0.101563,0.101563,0.101563,0.091711,0
1976-03-30,0.101563,0.101563,0.101563,0.101563,0.091711,0
1976-03-31,0.101563,0.101563,0.101563,0.101563,0.091711,0
1976-04-01,0.101563,0.101563,0.101563,0.101563,0.091711,0
1976-04-02,0.101563,0.109375,0.093750,0.093750,0.084656,57600
1976-04-05,0.093750,0.109375,0.093750,0.093750,0.084656,24000
1976-04-06,0.093750,0.101563,0.085938,0.085938,0.077601,48000
1976-04-07,0.085938,0.101563,0.085938,0.085938,0.077601,6400
1976-04-08,0.085938,0.101563,0.085938,0.085938,0.077601,6400
1976-04-09,0.085938,0.085938,0.085938,0.085938,0.077601,0
1976-04-12,0.085938,0.085938,0.085938,0.085938,0.077601,0
1976-04-13,0.085938,0.085938,0.085938,0.085938,0.077601,0
1976-04-14,0.085938,0.101563,0.085938,0.085938,0.077601,11200
1976-04-15,0.085938,0.085938,0.085938,0.085938,0.077601,0
1976-04-19,0.085938,0.093750,0.078125,0.078125,0.070547,4800
1976-04-20,0.085938,0.101563,0.085938,0.085938,0.077601,6400
1976-04-21,0.093750,0.109375,0.093750,0.093750,0.084656,11200
1976-04-22,0.093750,0.093750,0.078125,0.078125,0.070547,6400
1976-04-23,0.085938,0.101563,0.085938,0.085938,0.077601,4800
1976-04-26,0.085938,0.101563,0.085938,0.085938,0.077601,38400
1976-04-27,0.101563,0.117188,0.101563,0.101563,0.091711,64000
1976-04-28,0.101563,0.101563,0.101563,0.101563,0.091711,0
1976-04-29,0.101563,0.109375,0.093750,0.093750,0.084656,1600
1976-04-30,0.093750,0.109375,0.093750,0.093750,0.084656,1600
1976-05-03,0.093750,0.093750,0.093750,0.093750,0.084656,0
1976-05-04,0.101563,0.117188,0.101563,0.101563,0.091711,24000
1976-05-05,0.101563,0.109375,0.093750,0.093750,0.084656,4800
1976-05-06,0.109375,0.125000,0.109375,0.109375,0.098765,33600
1976-05-07,0.109375,0.117188,0.101563,0.101563,0.091711,1600
1976-05-10,0.109375,0.125000,0.109375,0.109375,0.098765,120000
1976-05-11,0.109375,0.117188,0.101563,0.101563,0.091711,33600
1976-05-12,0.109375,0.125000,0.109375,0.109375,0.098765,1600
1976-05-13,0.109375,0.125000,0.109375,0.109375,0.098765,4800
1976-05-14,0.125000,0.148438,0.125000,0.125000,0.112875,211200
1976-05-17,0.125000,0.148438,0.125000,0.125000,0.112875,1600
1976-05-18,0.125000,0.140625,0.125000,0.125000,0.112875,16000
1976-05-19,0.125000,0.125000,0.125000,0.125000,0.112875,0
1976-05-20,0.125000,0.140625,0.125000,0.125000,0.112875,24000
1976-05-21,0.125000,0.148438,0.125000,0.125000,0.112875,20800
1976-05-24,0.125000,0.140625,0.117188,0.117188,0.105820,40000
1976-05-25,0.117188,0.117188,0.117188,0.117188,0.105820,0
1976-05-26,0.117188,0.132813,0.109375,0.109375,0.098765,4800
1976-05-27,0.109375,0.109375,0.109375,0.109375,0.098765,0
1976-05-28,0.109375,0.109375,0.109375,0.109375,0.098765,0
1976-06-01,0.117188,0.140625,0.117188,0.117188,0.105820,4800
1976-06-02,0.117188,0.140625,0.117188,0.117188,0.105820,24000
1976-06-03,0.117188,0.132813,0.109375,0.109375,0.098765,6400
1976-06-04,0.109375,0.132813,0.109375,0.109375,0.098765,4800
1976-06-07,0.109375,0.109375,0.109375,0.109375,0.098765,0
1976-06-08,0.109375,0.109375,0.109375,0.109375,0.098765,0
1976-06-09,0.109375,0.109375,0.109375,0.109375,0.098765,0
1976-06-10,0.109375,0.109375,0.109375,0.109375,0.098765,0
1976-06-11,0.109375,0.132813,0.109375,0.109375,0.098765,9600
1976-06-14,0.109375,0.132813,0.109375,0.109375,0.098765,4800
1976-06-15,0.109375,0.132813,0.109375,0.109375,0.098765,1600
1976-06-16,0.109375,0.132813,0.109375,0.109375,0.098765,1600
1976-06-17,0.109375,0.132813,0.109375,0.109375,0.098765,6400
1976-06-18,0.109375,0.125000,0.101563,0.101563,0.091711,14400
1976-06-21,0.109375,0.125000,0.109375,0.109375,0.098765,24000
1976-06-22,0.109375,0.109375,0.109375,0.109375,0.098765,0
1976-06-23,0.125000,0.140625,0.125000,0.125000,0.112875,35200
1976-06-24,0.140625,0.156250,0.140625,0.140625,0.126984,44800
1976-06-25,0.140625,0.156250,0.132813,0.132813,0.119929,96000
1976-06-28,0.132813,0.140625,0.125000,0.125000,0.112875,48000
1976-06-29,0.125000,0.140625,0.117188,0.117188,0.105820,9600
1976-06-30,0.117188,0.117188,0.117188,0.117188,0.105820,0
1976-07-01,0.117188,0.117188,0.117188,0.117188,0.105820,0
1976-07-02,0.117188,0.117188,0.117188,0.117188,0.105820,0
1976-07-06,0.117188,0.140625,0.117188,0.117188,0.105820,14400
1976-07-07,0.117188,0.117188,0.117188,0.117188,0.105820,0
1976-07-08,0.117188,0.140625,0.117188,0.117188,0.105820,1600
1976-07-09,0.117188,0.117188,0.117188,0.117188,0.105820,0
1976-07-12,0.117188,0.117188,0.117188,0.117188,0.105820,0
1976-07-13,0.117188,0.140625,0.117188,0.117188,0.105820,30400
1976-07-14,0.117188,0.117188,0.117188,0.117188,0.105820,0
1976-07-15,0.117188,0.117188,0.117188,0.117188,0.105820,0
1976-07-16,0.117188,0.132813,0.109375,0.109375,0.098765,6400
1976-07-19,0.109375,0.125000,0.109375,0.109375,0.098765,14400
1976-07-20,0.109375,0.109375,0.109375,0.109375,0.098765,0
1976-07-21,0.109375,0.132813,0.109375,0.109375,0.098765,4800
1976-07-22,0.109375,0.132813,0.109375,0.109375,0.098765,4800
1976-07-23,0.109375,0.132813,0.109375,0.109375,0.098765,1600
1976-07-26,0.125000,0.148438,0.125000,0.125000,0.112875,64000
1976-07-27,0.140625,0.164063,0.140625,0.140625,0.126984,49600
1976-07-28,0.140625,0.148438,0.125000,0.125000,0.112875,57600
1976-07-29,0.125000,0.140625,0.125000,0.125000,0.112875,11200
1976-07-30,0.125000,0.140625,0.125000,0.125000,0.112875,4800
1976-08-02,0.125000,0.140625,0.125000,0.125000,0.112875,11200
1976-08-03,0.125000,0.140625,0.125000,0.125000,0.112875,20800
1976-08-04,0.125000,0.132813,0.109375,0.109375,0.098765,64000
1976-08-05,0.117188,0.140625,0.117188,0.117188,0.105820,64000
1976-08-06,0.117188,0.117188,0.117188,0.117188,0.105820,0
1976-08-09,0.117188,0.117188,0.117188,0.117188,0.105820,0
1976-08-10,0.117188,0.117188,0.117188,0.117188,0.105820,0
1976-08-11,0.117188,0.117188,0.117188,0.117188,0.105820,0
1976-08-12,0.117188,0.140625,0.117188,0.117188,0.105820,11200
1976-08-13,0.117188,0.117188,0.117188,0.117188,0.105820,0
1976-08-16,0.125000,0.140625,0.125000,0.125000,0.112875,24000
1976-08-17,0.125000,0.140625,0.117188,0.117188,0.105820,25600
1976-08-18,0.117188,0.140625,0.117188,0.117188,0.105820,20800
1976-08-19,0.117188,0.117188,0.117188,0.117188,0.105820,0
1976-08-20,0.117188,0.140625,0.117188,0.117188,0.105820,6400
1976-08-23,0.125000,0.140625,0.125000,0.125000,0.112875,38400
1976-08-24,0.125000,0.140625,0.125000,0.125000,0.112875,6400
1976-08-25,0.125000,0.140625,0.125000,0.125000,0.112875,20800
1976-08-26,0.125000,0.140625,0.125000,0.125000,0.112875,73600
1976-08-27,0.125000,0.140625,0.125000,0.125000,0.112875,9600
1976-08-30,0.125000,0.140625,0.125000,0.125000,0.112875,1600
1976-08-31,0.125000,0.140625,0.125000,0.125000,0.112875,1600
1976-09-01,0.125000,0.140625,0.125000,0.125000,0.112875,9600
1976-09-02,0.125000,0.140625,0.117188,0.117188,0.105820,25600
1976-09-03,0.117188,0.117188,0.117188,0.117188,0.105820,0
1976-09-07,0.117188,0.117188,0.117188,0.117188,0.105820,0
1976-09-08,0.117188,0.140625,0.117188,0.117188,0.105820,25600
1976-09-09,0.117188,0.117188,0.117188,0.117188,0.105820,0
1976-09-10,0.117188,0.117188,0.117188,0.117188,0.105820,0
1976-09-13,0.117188,0.117188,0.117188,0.117188,0.105820,0
1976-09-14,0.117188,0.140625,0.117188,0.117188,0.105820,4800
1976-09-15,0.117188,0.140625,0.117188,0.117188,0.105820,4800
1976-09-16,0.117188,0.132813,0.109375,0.109375,0.098765,24000
1976-09-17,0.109375,0.132813,0.109375,0.109375,0.098765,11200
1976-09-20,0.109375,0.109375,0.109375,0.109375,0.098765,0
1976-09-21,0.109375,0.109375,0.109375,0.109375,0.098765,0
1976-09-22,0.109375,0.109375,0.109375,0.109375,0.098765,0
1976-09-23,0.109375,0.125000,0.101563,0.101563,0.091711,64000
1976-09-24,0.101563,0.125000,0.101563,0.101563,0.091711,14400
1976-09-27,0.101563,0.101563,0.101563,0.101563,0.091711,0
1976-09-28,0.101563,0.125000,0.101563,0.101563,0.091711,24000
1976-09-29,0.101563,0.101563,0.101563,0.101563,0.091711,0
1976-09-30,0.101563,0.117188,0.093750,0.093750,0.084656,120000
1976-10-01,0.093750,0.109375,0.093750,0.093750,0.084656,11200
1976-10-04,0.093750,0.093750,0.093750,0.093750,0.084656,0
1976-10-05,0.093750,0.109375,0.093750,0.093750,0.084656,28800
1976-10-06,0.093750,0.109375,0.093750,0.093750,0.084656,4800
1976-10-07,0.093750,0.093750,0.093750,0.093750,0.084656,0
1976-10-08,0.093750,0.109375,0.093750,0.093750,0.084656,11200
1976-10-11,0.093750,0.093750,0.093750,0.093750,0.084656,0
1976-10-12,0.093750,0.109375,0.093750,0.093750,0.084656,49600
1976-10-13,0.093750,0.093750,0.093750,0.093750,0.084656,0
1976-10-14,0.093750,0.109375,0.093750,0.093750,0.084656,1600
1976-10-15,0.093750,0.093750,0.093750,0.093750,0.084656,0
1976-10-18,0.093750,0.093750,0.093750,0.093750,0.084656,0
1976-10-19,0.093750,0.093750,0.093750,0.093750,0.084656,0
1976-10-20,0.093750,0.109375,0.093750,0.093750,0.084656,11200
1976-10-21,0.093750,0.093750,0.093750,0.093750,0.084656,0
1976-10-22,0.093750,0.093750,0.093750,0.093750,0.084656,0
1976-10-25,0.093750,0.093750,0.093750,0.093750,0.084656,0
1976-10-26,0.093750,0.109375,0.085938,0.085938,0.077601,14400
1976-10-27,0.085938,0.093750,0.070313,0.070313,0.063492,59200
1976-10-28,0.070313,0.070313,0.070313,0.070313,0.063492,0
1976-10-29,0.070313,0.070313,0.070313,0.070313,0.063492,0
1976-11-01,0.078125,0.101563,0.078125,0.078125,0.070547,6400
1976-11-03,0.078125,0.101563,0.078125,0.078125,0.070547,1600
1976-11-04,0.078125,0.078125,0.078125,0.078125,0.070547,0
1976-11-05,0.078125,0.078125,0.078125,0.078125,0.070547,0
1976-11-08,0.078125,0.101563,0.078125,0.078125,0.070547,1600
1976-11-09,0.078125,0.101563,0.078125,0.078125,0.070547,14400
1976-11-10,0.078125,0.101563,0.078125,0.078125,0.070547,1600
1976-11-11,0.078125,0.078125,0.078125,0.078125,0.070547,0
1976-11-12,0.085938,0.109375,0.085938,0.085938,0.077601,19200
1976-11-15,0.085938,0.085938,0.085938,0.085938,0.077601,0
1976-11-16,0.085938,0.109375,0.085938,0.085938,0.077601,4800
1976-11-17,0.085938,0.085938,0.085938,0.085938,0.077601,0
1976-11-18,0.085938,0.085938,0.085938,0.085938,0.077601,0
1976-11-19,0.085938,0.085938,0.085938,0.085938,0.077601,0
1976-11-22,0.093750,0.109375,0.093750,0.093750,0.084656,25600
1976-11-23,0.093750,0.109375,0.093750,0.093750,0.084656,1600
1976-11-24,0.093750,0.093750,0.093750,0.093750,0.084656,0
1976-11-26,0.093750,0.109375,0.093750,0.093750,0.084656,4800
1976-11-29,0.093750,0.109375,0.085938,0.085938,0.077601,30400
1976-11-30,0.085938,0.101563,0.078125,0.078125,0.070547,48000
1976-12-01,0.078125,0.101563,0.078125,0.078125,0.070547,11200
1976-12-02,0.078125,0.093750,0.078125,0.078125,0.070547,16000
1976-12-03,0.078125,0.093750,0.070313,0.070313,0.063492,16000
1976-12-06,0.078125,0.093750,0.078125,0.078125,0.070547,35200
1976-12-07,0.085938,0.109375,0.085938,0.085938,0.077601,57600
1976-12-08,0.085938,0.109375,0.085938,0.085938,0.077601,16000
1976-12-09,0.085938,0.085938,0.085938,0.085938,0.077601,0
1976-12-10,0.093750,0.109375,0.093750,0.093750,0.084656,35200
1976-12-13,0.109375,0.132813,0.109375,0.109375,0.098765,96000
1976-12-14,0.109375,0.109375,0.109375,0.109375,0.098765,0
1976-12-15,0.109375,0.125000,0.109375,0.109375,0.098765,20800
1976-12-16,0.109375,0.132813,0.109375,0.109375,0.098765,6400
1976-12-17,0.109375,0.132813,0.109375,0.109375,0.098765,14400
1976-12-20,0.109375,0.132813,0.109375,0.109375,0.098765,25600
1976-12-21,0.109375,0.125000,0.101563,0.101563,0.091711,81600
1976-12-22,0.101563,0.117188,0.093750,0.093750,0.084656,52800
1976-12-23,0.093750,0.117188,0.093750,0.093750,0.084656,4800
1976-12-27,0.093750,0.109375,0.093750,0.093750,0.084656,11200
1976-12-28,0.093750,0.117188,0.093750,0.093750,0.084656,11200
1976-12-29,0.109375,0.125000,0.109375,0.109375,0.098765,24000
1976-12-30,0.125000,0.148438,0.125000,0.125000,0.112875,105600
1976-12-31,0.156250,0.171875,0.156250,0.156250,0.141093,145600
1977-01-03,0.156250,0.171875,0.148438,0.148438,0.134039,30400
1977-01-04,0.148438,0.164063,0.140625,0.140625,0.126984,57600
1977-01-05,0.140625,0.156250,0.140625,0.140625,0.126984,30400
1977-01-06,0.156250,0.171875,0.156250,0.156250,0.141093,48000
1977-01-07,0.156250,0.171875,0.156250,0.156250,0.141093,6400
1977-01-10,0.164063,0.187500,0.164063,0.164063,0.148148,11200
1977-01-11,0.164063,0.179688,0.156250,0.156250,0.141093,38400
1977-01-12,0.156250,0.171875,0.156250,0.156250,0.141093,112000
1977-01-13,0.156250,0.171875,0.148438,0.148438,0.134039,25600
1977-01-14,0.148438,0.171875,0.148438,0.148438,0.134039,28800
1977-01-17,0.148438,0.148438,0.148438,0.148438,0.134039,0
1977-01-18,0.148438,0.164063,0.140625,0.140625,0.126984,35200
1977-01-19,0.140625,0.164063,0.140625,0.140625,0.126984,1600
1977-01-20,0.140625,0.156250,0.132813,0.132813,0.119929,6400
1977-01-21,0.140625,0.156250,0.140625,0.140625,0.126984,4800
1977-01-24,0.140625,0.156250,0.140625,0.140625,0.126984,24000
1977-01-25,0.140625,0.140625,0.140625,0.140625,0.126984,0
1977-01-26,0.140625,0.140625,0.140625,0.140625,0.126984,0
1977-01-27,0.140625,0.156250,0.132813,0.132813,0.119929,28800
1977-01-28,0.140625,0.164063,0.140625,0.140625,0.126984,14400
1977-01-31,0.140625,0.156250,0.140625,0.140625,0.126984,72000
1977-02-01,0.140625,0.140625,0.140625,0.140625,0.126984,0
1977-02-02,0.140625,0.140625,0.140625,0.140625,0.126984,0
1977-02-03,0.140625,0.140625,0.140625,0.140625,0.126984,0
1977-02-04,0.140625,0.140625,0.140625,0.140625,0.126984,0
1977-02-07,0.140625,0.156250,0.140625,0.140625,0.126984,24000
1977-02-08,0.140625,0.140625,0.140625,0.140625,0.126984,0
1977-02-09,0.140625,0.164063,0.140625,0.140625,0.126984,160000
1977-02-10,0.140625,0.164063,0.140625,0.140625,0.126984,52800
1977-02-11,0.148438,0.171875,0.148438,0.148438,0.134039,25600
1977-02-14,0.148438,0.164063,0.140625,0.140625,0.126984,1600
1977-02-15,0.140625,0.156250,0.140625,0.140625,0.126984,52800
1977-02-16,0.140625,0.156250,0.132813,0.132813,0.119929,4800
1977-02-17,0.132813,0.156250,0.132813,0.132813,0.119929,9600
1977-02-18,0.132813,0.132813,0.132813,0.132813,0.119929,0
1977-02-22,0.132813,0.156250,0.132813,0.132813,0.119929,35200
1977-02-23,0.132813,0.132813,0.132813,0.132813,0.119929,0
1977-02-24,0.132813,0.156250,0.132813,0.132813,0.119929,20800
1977-02-25,0.132813,0.148438,0.125000,0.125000,0.112875,14400
1977-02-28,0.125000,0.140625,0.125000,0.125000,0.112875,14400
1977-03-01,0.125000,0.140625,0.125000,0.125000,0.112875,67200
1977-03-02,0.125000,0.140625,0.117188,0.117188,0.105820,33600
1977-03-03,0.125000,0.140625,0.125000,0.125000,0.112875,35200
1977-03-04,0.125000,0.140625,0.117188,0.117188,0.105820,16000
1977-03-07,0.140625,0.156250,0.140625,0.140625,0.126984,164800
1977-03-08,0.140625,0.156250,0.132813,0.132813,0.119929,52800
1977-03-09,0.132813,0.148438,0.125000,0.125000,0.112875,4800
1977-03-10,0.125000,0.148438,0.125000,0.125000,0.112875,16000
1977-03-11,0.125000,0.125000,0.125000,0.125000,0.112875,0
1977-03-14,0.125000,0.148438,0.125000,0.125000,0.112875,35200
1977-03-15,0.125000,0.148438,0.125000,0.125000,0.112875,11200
1977-03-16,0.140625,0.156250,0.140625,0.140625,0.126984,57600
1977-03-17,0.140625,0.164063,0.140625,0.140625,0.126984,43200
1977-03-18,0.156250,0.171875,0.156250,0.156250,0.141093,88000
1977-03-21,0.164063,0.187500,0.164063,0.164063,0.148148,470400
1977-03-22,0.164063,0.187500,0.164063,0.164063,0.148148,172800
1977-03-23,0.164063,0.187500,0.164063,0.164063,0.148148,40000
1977-03-24,0.164063,0.179688,0.156250,0.156250,0.141093,44800
1977-03-25,0.156250,0.179688,0.156250,0.156250,0.141093,35200
1977-03-28,0.156250,0.179688,0.156250,0.156250,0.141093,73600
1977-03-29,0.156250,0.156250,0.156250,0.156250,0.141093,0
1977-03-30,0.156250,0.164063,0.140625,0.140625,0.126984,14400
1977-03-31,0.156250,0.171875,0.156250,0.156250,0.141093,148800
1977-04-01,0.156250,0.171875,0.156250,0.156250,0.141093,16000
1977-04-04,0.156250,0.171875,0.156250,0.156250,0.141093,43200
1977-04-05,0.156250,0.171875,0.156250,0.156250,0.141093,14400
1977-04-06,0.156250,0.171875,0.156250,0.156250,0.141093,57600
1977-04-07,0.156250,0.171875,0.156250,0.156250,0.141093,4800
1977-04-11,0.156250,0.171875,0.156250,0.156250,0.141093,33600
1977-04-12,0.156250,0.179688,0.156250,0.156250,0.141093,83200
1977-04-13,0.156250,0.179688,0.156250,0.156250,0.141093,86400
1977-04-14,0.156250,0.179688,0.156250,0.156250,0.141093,11200
1977-04-15,0.156250,0.171875,0.156250,0.156250,0.141093,16000
1977-04-18,0.156250,0.171875,0.156250,0.156250,0.141093,59200
1977-04-19,0.156250,0.179688,0.156250,0.156250,0.141093,33600
1977-04-20,0.156250,0.171875,0.156250,0.156250,0.141093,40000
1977-04-21,0.156250,0.179688,0.156250,0.156250,0.141093,16000
1977-04-22,0.156250,0.179688,0.156250,0.156250,0.141093,16000
1977-04-25,0.156250,0.179688,0.156250,0.156250,0.141093,24000
1977-04-26,0.156250,0.179688,0.156250,0.156250,0.141093,6400
1977-04-27,0.156250,0.179688,0.156250,0.156250,0.141093,14400
1977-04-28,0.156250,0.179688,0.156250,0.156250,0.141093,25600
1977-04-29,0.156250,0.156250,0.156250,0.156250,0.141093,0
1977-05-02,0.156250,0.156250,0.156250,0.156250,0.141093,0
1977-05-03,0.156250,0.156250,0.156250,0.156250,0.141093,0
1977-05-04,0.164063,0.187500,0.164063,0.164063,0.148148,9600
1977-05-05,0.171875,0.195313,0.171875,0.171875,0.155203,112000
1977-05-06,0.171875,0.195313,0.171875,0.171875,0.155203,6400
1977-05-09,0.171875,0.187500,0.171875,0.171875,0.155203,14400
1977-05-10,0.171875,0.187500,0.171875,0.171875,0.155203,28800
1977-05-11,0.171875,0.187500,0.171875,0.171875,0.155203,96000
1977-05-12,0.171875,0.187500,0.164063,0.164063,0.148148,38400
1977-05-13,0.171875,0.187500,0.171875,0.171875,0.155203,11200
1977-05-16,0.171875,0.187500,0.171875,0.171875,0.155203,6400
1977-05-17,0.171875,0.179688,0.156250,0.156250,0.141093,33600
1977-05-18,0.156250,0.171875,0.156250,0.156250,0.141093,44800
1977-05-19,0.156250,0.171875,0.148438,0.148438,0.134039,48000
1977-05-20,0.148438,0.171875,0.148438,0.148438,0.134039,1600
1977-05-23,0.148438,0.164063,0.140625,0.140625,0.126984,11200
1977-05-24,0.148438,0.171875,0.148438,0.148438,0.134039,9600
1977-05-25,0.148438,0.171875,0.148438,0.148438,0.134039,1600
1977-05-26,0.148438,0.148438,0.148438,0.148438,0.134039,0
1977-05-27,0.148438,0.164063,0.140625,0.140625,0.126984,11200
1977-05-31,0.140625,0.164063,0.140625,0.140625,0.126984,4800
1977-06-01,0.140625,0.164063,0.140625,0.140625,0.126984,57600
1977-06-02,0.148438,0.171875,0.148438,0.148438,0.134039,6400
1977-06-03,0.148438,0.148438,0.148438,0.148438,0.134039,0
1977-06-06,0.148438,0.148438,0.148438,0.148438,0.134039,0
1977-06-07,0.148438,0.148438,0.148438,0.148438,0.134039,0
1977-06-08,0.148438,0.171875,0.148438,0.148438,0.134039,4800
1977-06-09,0.148438,0.171875,0.148438,0.148438,0.134039,24000
1977-06-10,0.156250,0.179688,0.156250,0.156250,0.141093,92800
1977-06-13,0.156250,0.179688,0.156250,0.156250,0.141093,4800
1977-06-14,0.156250,0.179688,0.156250,0.156250,0.141093,9600
1977-06-15,0.156250,0.156250,0.156250,0.156250,0.141093,0
1977-06-16,0.156250,0.171875,0.156250,0.156250,0.141093,1600
1977-06-17,0.156250,0.179688,0.156250,0.156250,0.141093,30400
1977-06-20,0.156250,0.179688,0.156250,0.156250,0.141093,30400
1977-06-21,0.171875,0.195313,0.171875,0.171875,0.155203,222400
1977-06-22,0.171875,0.187500,0.171875,0.171875,0.155203,81600
1977-06-23,0.171875,0.187500,0.171875,0.171875,0.155203,59200
1977-06-24,0.171875,0.187500,0.171875,0.171875,0.155203,1600
1977-06-27,0.171875,0.195313,0.171875,0.171875,0.155203,4800
1977-06-28,0.171875,0.195313,0.171875,0.171875,0.155203,14400
1977-06-29,0.171875,0.187500,0.171875,0.171875,0.155203,6400
1977-06-30,0.171875,0.187500,0.171875,0.171875,0.155203,1600
1977-07-01,0.171875,0.187500,0.171875,0.171875,0.155203,6400
1977-07-05,0.171875,0.195313,0.171875,0.171875,0.155203,9600
1977-07-06,0.171875,0.187500,0.171875,0.171875,0.155203,121600
1977-07-07,0.171875,0.187500,0.171875,0.171875,0.155203,24000
1977-07-08,0.171875,0.187500,0.164063,0.164063,0.148148,20800
1977-07-11,0.171875,0.187500,0.171875,0.171875,0.155203,4800
1977-07-12,0.171875,0.187500,0.171875,0.171875,0.155203,14400
1977-07-13,0.171875,0.195313,0.171875,0.171875,0.155203,4800
1977-07-15,0.171875,0.171875,0.171875,0.171875,0.155203,0
1977-07-18,0.171875,0.187500,0.164063,0.164063,0.148148,24000
1977-07-19,0.164063,0.187500,0.164063,0.164063,0.148148,16000
1977-07-20,0.164063,0.187500,0.164063,0.164063,0.148148,16000
1977-07-21,0.164063,0.179688,0.156250,0.156250,0.141093,24000
1977-07-22,0.156250,0.179688,0.156250,0.156250,0.141093,1600
1977-07-25,0.164063,0.187500,0.164063,0.164063,0.148148,131200
1977-07-26,0.164063,0.187500,0.164063,0.164063,0.148148,16000
1977-07-27,0.164063,0.187500,0.164063,0.164063,0.148148,19200
1977-07-28,0.164063,0.187500,0.164063,0.164063,0.148148,20800
1977-07-29,0.164063,0.187500,0.164063,0.164063,0.148148,1600
1977-08-01,0.164063,0.179688,0.156250,0.156250,0.141093,19200
1977-08-02,0.156250,0.171875,0.156250,0.156250,0.141093,24000
1977-08-03,0.156250,0.171875,0.148438,0.148438,0.134039,86400
1977-08-04,0.148438,0.171875,0.148438,0.148438,0.134039,9600
1977-08-05,0.148438,0.171875,0.148438,0.148438,0.134039,6400
1977-08-08,0.148438,0.171875,0.148438,0.148438,0.134039,30400
1977-08-09,0.148438,0.164063,0.140625,0.140625,0.126984,1600
1977-08-10,0.140625,0.164063,0.140625,0.140625,0.126984,1600
1977-08-11,0.140625,0.164063,0.140625,0.140625,0.126984,1600
1977-08-12,0.164063,0.187500,0.164063,0.164063,0.148148,208000
1977-08-15,0.171875,0.195313,0.171875,0.171875,0.155203,110400
1977-08-16,0.187500,0.203125,0.187500,0.187500,0.169312,121600
1977-08-17,0.187500,0.203125,0.187500,0.187500,0.169312,83200
1977-08-18,0.187500,0.203125,0.187500,0.187500,0.169312,43200
1977-08-19,0.187500,0.203125,0.179688,0.179688,0.162257,68800
1977-08-22,0.179688,0.195313,0.171875,0.171875,0.155203,33600
1977-08-23,0.171875,0.171875,0.171875,0.171875,0.155203,0
1977-08-24,0.171875,0.195313,0.171875,0.171875,0.155203,28800
1977-08-25,0.171875,0.195313,0.171875,0.171875,0.155203,97600
1977-08-26,0.171875,0.195313,0.171875,0.171875,0.155203,19200
1977-08-29,0.171875,0.195313,0.171875,0.171875,0.155203,24000
1977-08-30,0.171875,0.195313,0.171875,0.171875,0.155203,24000
1977-08-31,0.171875,0.171875,0.171875,0.171875,0.155203,0
1977-09-01,0.171875,0.195313,0.171875,0.171875,0.155203,6400
1977-09-02,0.171875,0.195313,0.171875,0.171875,0.155203,4800
1977-09-06,0.171875,0.195313,0.171875,0.171875,0.155203,6400
1977-09-07,0.171875,0.195313,0.171875,0.171875,0.155203,20800
1977-09-08,0.171875,0.195313,0.171875,0.171875,0.155203,1600
1977-09-09,0.171875,0.187500,0.164063,0.164063,0.148148,4800
1977-09-12,0.164063,0.164063,0.164063,0.164063,0.148148,0
1977-09-13,0.164063,0.187500,0.164063,0.164063,0.148148,24000
1977-09-14,0.164063,0.187500,0.164063,0.164063,0.148148,9600
1977-09-15,0.164063,0.164063,0.164063,0.164063,0.148148,0
1977-09-16,0.164063,0.187500,0.164063,0.164063,0.148148,25600
1977-09-19,0.171875,0.187500,0.171875,0.171875,0.155203,24000
1977-09-20,0.171875,0.187500,0.171875,0.171875,0.155203,14400
1977-09-21,0.171875,0.187500,0.171875,0.171875,0.155203,30400
1977-09-22,0.171875,0.171875,0.171875,0.171875,0.155203,0
1977-09-23,0.171875,0.179688,0.156250,0.156250,0.141093,112000
1977-09-26,0.156250,0.171875,0.148438,0.148438,0.134039,54400
1977-09-27,0.156250,0.171875,0.156250,0.156250,0.141093,35200
1977-09-28,0.156250,0.171875,0.156250,0.156250,0.141093,43200
1977-09-29,0.171875,0.195313,0.171875,0.171875,0.155203,139200
1977-09-30,0.187500,0.203125,0.187500,0.187500,0.169312,140800
1977-10-03,0.187500,0.203125,0.179688,0.179688,0.162257,49600
1977-10-04,0.203125,0.218750,0.203125,0.203125,0.183421,328000
1977-10-05,0.218750,0.234375,0.218750,0.218750,0.197531,371200
1977-10-06,0.218750,0.242188,0.218750,0.218750,0.197531,96000
1977-10-07,0.218750,0.226563,0.203125,0.203125,0.183421,254400
1977-10-10,0.203125,0.226563,0.203125,0.203125,0.183421,76800
1977-10-11,0.203125,0.226563,0.203125,0.203125,0.183421,62400
1977-10-12,0.203125,0.226563,0.203125,0.203125,0.183421,1600
1977-10-13,0.203125,0.218750,0.203125,0.203125,0.183421,48000
1977-10-14,0.203125,0.218750,0.203125,0.203125,0.183421,28800
1977-10-17,0.203125,0.218750,0.203125,0.203125,0.183421,57600
1977-10-18,0.203125,0.218750,0.203125,0.203125,0.183421,110400
1977-10-19,0.187500,0.187500,0.171875,0.171875,0.155203,134400
1977-10-20,0.171875,0.195313,0.171875,0.171875,0.155203,1600
1977-10-21,0.179688,0.203125,0.179688,0.179688,0.162257,126400
1977-10-24,0.179688,0.179688,0.179688,0.179688,0.162257,0
1977-10-25,0.179688,0.187500,0.171875,0.171875,0.155203,67200
1977-10-26,0.171875,0.187500,0.171875,0.171875,0.155203,9600
1977-10-27,0.171875,0.187500,0.171875,0.171875,0.155203,9600
1977-10-28,0.171875,0.187500,0.171875,0.171875,0.155203,11200
1977-10-31,0.171875,0.187500,0.164063,0.164063,0.148148,76800
1977-11-01,0.164063,0.187500,0.164063,0.164063,0.148148,4800
1977-11-02,0.164063,0.164063,0.164063,0.164063,0.148148,0
1977-11-03,0.171875,0.187500,0.171875,0.171875,0.155203,1600
1977-11-04,0.171875,0.171875,0.171875,0.171875,0.155203,0
1977-11-07,0.187500,0.203125,0.187500,0.187500,0.169312,153600
1977-11-08,0.187500,0.203125,0.187500,0.187500,0.169312,153600
1977-11-09,0.187500,0.203125,0.179688,0.179688,0.162257,177600
1977-11-10,0.179688,0.195313,0.171875,0.171875,0.155203,67200
1977-11-11,0.171875,0.195313,0.171875,0.171875,0.155203,83200
1977-11-14,0.171875,0.195313,0.171875,0.171875,0.155203,4800
1977-11-15,0.171875,0.195313,0.171875,0.171875,0.155203,24000
1977-11-16,0.179688,0.203125,0.179688,0.179688,0.162257,25600
1977-11-17,0.179688,0.195313,0.171875,0.171875,0.155203,145600
1977-11-18,0.171875,0.195313,0.171875,0.171875,0.155203,59200
1977-11-21,0.171875,0.171875,0.171875,0.171875,0.155203,0
1977-11-22,0.171875,0.195313,0.171875,0.171875,0.155203,1600
1977-11-23,0.171875,0.195313,0.171875,0.171875,0.155203,88000
1977-11-25,0.179688,0.203125,0.179688,0.179688,0.162257,83200
1977-11-28,0.179688,0.203125,0.179688,0.179688,0.162257,6400
1977-11-29,0.179688,0.195313,0.171875,0.171875,0.155203,38400
1977-11-30,0.171875,0.195313,0.171875,0.171875,0.155203,1600
1977-12-01,0.187500,0.203125,0.187500,0.187500,0.169312,193600
1977-12-02,0.187500,0.203125,0.187500,0.187500,0.169312,48000
1977-12-05,0.187500,0.203125,0.187500,0.187500,0.169312,1600
1977-12-06,0.187500,0.203125,0.179688,0.179688,0.162257,14400
1977-12-07,0.179688,0.195313,0.171875,0.171875,0.155203,11200
1977-12-08,0.171875,0.171875,0.171875,0.171875,0.155203,0
1977-12-09,0.171875,0.195313,0.171875,0.171875,0.155203,9600
1977-12-12,0.171875,0.187500,0.171875,0.171875,0.155203,20800
1977-12-13,0.171875,0.187500,0.171875,0.171875,0.155203,9600
1977-12-14,0.171875,0.187500,0.164063,0.164063,0.148148,62400
1977-12-15,0.171875,0.187500,0.171875,0.171875,0.155203,120000
1977-12-16,0.226563,0.250000,0.226563,0.226563,0.204585,476800
1977-12-19,0.226563,0.242188,0.218750,0.218750,0.197531,160000
1977-12-20,0.226563,0.250000,0.226563,0.226563,0.204585,48000
1977-12-21,0.234375,0.250000,0.234375,0.234375,0.211640,192000
1977-12-22,0.234375,0.234375,0.218750,0.218750,0.197531,352000
1977-12-23,0.218750,0.242188,0.218750,0.218750,0.197531,174400
1977-12-27,0.218750,0.242188,0.218750,0.218750,0.197531,28800
1977-12-28,0.226563,0.250000,0.226563,0.226563,0.204585,158400
1977-12-29,0.226563,0.250000,0.226563,0.226563,0.204585,179200
1977-12-30,0.226563,0.250000,0.226563,0.226563,0.204585,131200
1978-01-03,0.234375,0.250000,0.234375,0.234375,0.211640,102400
1978-01-04,0.234375,0.242188,0.226563,0.226563,0.204585,72000
1978-01-05,0.226563,0.234375,0.218750,0.218750,0.197531,102400
1978-01-06,0.218750,0.234375,0.218750,0.218750,0.197531,72000
1978-01-09,0.218750,0.218750,0.203125,0.203125,0.183421,76800
1978-01-10,0.203125,0.218750,0.203125,0.203125,0.183421,52800
1978-01-11,0.203125,0.218750,0.203125,0.203125,0.183421,35200
1978-01-12,0.210938,0.226563,0.210938,0.210938,0.190476,48000
1978-01-13,0.210938,0.226563,0.210938,0.210938,0.190476,40000
1978-01-16,0.210938,0.218750,0.203125,0.203125,0.183421,86400
1978-01-17,0.203125,0.218750,0.203125,0.203125,0.183421,40000
1978-01-18,0.203125,0.218750,0.203125,0.203125,0.183421,48000
1978-01-19,0.203125,0.218750,0.203125,0.203125,0.183421,48000
1978-01-20,0.203125,0.218750,0.203125,0.203125,0.183421,4800
1978-01-23,0.203125,0.218750,0.203125,0.203125,0.183421,16000
1978-01-24,0.203125,0.218750,0.203125,0.203125,0.183421,73600
1978-01-25,0.203125,0.203125,0.203125,0.203125,0.183421,0
1978-01-26,0.203125,0.210938,0.195313,0.195313,0.176367,73600
1978-01-27,0.195313,0.210938,0.195313,0.195313,0.176367,62400
1978-01-30,0.203125,0.218750,0.203125,0.203125,0.183421,52800
1978-01-31,0.203125,0.218750,0.203125,0.203125,0.183421,49600
1978-02-01,0.203125,0.210938,0.195313,0.195313,0.176367,86400
1978-02-02,0.210938,0.226563,0.210938,0.210938,0.190476,102400
1978-02-03,0.210938,0.226563,0.210938,0.210938,0.190476,49600
1978-02-06,0.218750,0.234375,0.218750,0.218750,0.197531,24000
1978-02-07,0.218750,0.234375,0.218750,0.218750,0.197531,52800
1978-02-08,0.218750,0.234375,0.218750,0.218750,0.197531,9600
1978-02-09,0.234375,0.250000,0.234375,0.234375,0.211640,120000
1978-02-10,0.234375,0.250000,0.234375,0.234375,0.211640,6400
1978-02-13,0.234375,0.242188,0.226563,0.226563,0.204585,129600
1978-02-14,0.226563,0.242188,0.226563,0.226563,0.204585,6400
1978-02-15,0.226563,0.234375,0.218750,0.218750,0.197531,9600
1978-02-16,0.218750,0.234375,0.218750,0.218750,0.197531,11200
1978-02-17,0.218750,0.218750,0.203125,0.203125,0.183421,859200
1978-02-21,0.203125,0.210938,0.195313,0.195313,0.176367,136000
1978-02-22,0.195313,0.203125,0.187500,0.187500,0.169312,196800
1978-02-23,0.195313,0.210938,0.195313,0.195313,0.176367,16000
1978-02-24,0.195313,0.203125,0.187500,0.187500,0.169312,44800
1978-02-27,0.187500,0.195313,0.179688,0.179688,0.162257,57600
1978-02-28,0.179688,0.195313,0.179688,0.179688,0.162257,20800
1978-03-01,0.179688,0.179688,0.179688,0.179688,0.162257,0
1978-03-02,0.179688,0.195313,0.179688,0.179688,0.162257,14400
1978-03-03,0.187500,0.203125,0.187500,0.187500,0.169312,64000
1978-03-06,0.187500,0.203125,0.187500,0.187500,0.169312,30400
1978-03-07,0.187500,0.195313,0.179688,0.179688,0.162257,35200
1978-03-08,0.179688,0.195313,0.179688,0.179688,0.162257,72000
1978-03-09,0.179688,0.195313,0.179688,0.179688,0.162257,52800
1978-03-10,0.179688,0.195313,0.179688,0.179688,0.162257,59200
1978-03-13,0.179688,0.195313,0.179688,0.179688,0.162257,1600
1978-03-14,0.179688,0.195313,0.179688,0.179688,0.162257,9600
1978-03-15,0.179688,0.195313,0.179688,0.179688,0.162257,48000
1978-03-16,0.187500,0.203125,0.187500,0.187500,0.169312,107200
1978-03-17,0.187500,0.195313,0.179688,0.179688,0.162257,44800
1978-03-20,0.179688,0.179688,0.179688,0.179688,0.162257,0
1978-03-21,0.187500,0.203125,0.187500,0.187500,0.169312,33600
1978-03-22,0.187500,0.203125,0.187500,0.187500,0.169312,35200
1978-03-23,0.187500,0.195313,0.179688,0.179688,0.162257,78400
1978-03-27,0.179688,0.195313,0.179688,0.179688,0.162257,1600
1978-03-28,0.179688,0.179688,0.179688,0.179688,0.162257,0
1978-03-29,0.179688,0.179688,0.179688,0.179688,0.162257,0
1978-03-30,0.179688,0.179688,0.179688,0.179688,0.162257,0
1978-03-31,0.187500,0.203125,0.187500,0.187500,0.169312,64000
1978-04-03,0.187500,0.203125,0.187500,0.187500,0.169312,11200
1978-04-04,0.187500,0.203125,0.187500,0.187500,0.169312,24000
1978-04-05,0.187500,0.203125,0.187500,0.187500,0.169312,168000
1978-04-06,0.187500,0.203125,0.187500,0.187500,0.169312,11200
1978-04-07,0.187500,0.203125,0.187500,0.187500,0.169312,100800
1978-04-10,0.187500,0.203125,0.187500,0.187500,0.169312,9600
1978-04-11,0.187500,0.195313,0.179688,0.179688,0.162257,16000
1978-04-12,0.187500,0.203125,0.187500,0.187500,0.169312,24000
1978-04-13,0.187500,0.203125,0.187500,0.187500,0.169312,9600
1978-04-14,0.187500,0.203125,0.187500,0.187500,0.169312,54400
1978-04-17,0.187500,0.195313,0.179688,0.179688,0.162257,52800
1978-04-18,0.179688,0.195313,0.179688,0.179688,0.162257,43200
1978-04-19,0.179688,0.195313,0.179688,0.179688,0.162257,4800
1978-04-20,0.179688,0.195313,0.179688,0.179688,0.162257,28800
1978-04-21,0.179688,0.187500,0.171875,0.171875,0.155203,97600
1978-04-24,0.171875,0.187500,0.171875,0.171875,0.155203,1600
1978-04-25,0.171875,0.187500,0.171875,0.171875,0.155203,24000
1978-04-26,0.171875,0.187500,0.171875,0.171875,0.155203,172800
1978-04-27,0.187500,0.203125,0.187500,0.187500,0.169312,316800
1978-04-28,0.187500,0.203125,0.187500,0.187500,0.169312,19200
1978-05-01,0.187500,0.203125,0.187500,0.187500,0.169312,83200
1978-05-02,0.187500,0.203125,0.187500,0.187500,0.169312,73600
1978-05-03,0.187500,0.187500,0.187500,0.187500,0.169312,0
1978-05-04,0.195313,0.210938,0.195313,0.195313,0.176367,163200
1978-05-05,0.226563,0.242188,0.226563,0.226563,0.204585,278400
1978-05-08,0.234375,0.250000,0.234375,0.234375,0.211640,144000
1978-05-09,0.234375,0.250000,0.234375,0.234375,0.211640,136000
1978-05-10,0.234375,0.250000,0.234375,0.234375,0.211640,179200
1978-05-11,0.242188,0.257813,0.242188,0.242188,0.218695,576000
1978-05-12,0.242188,0.257813,0.242188,0.242188,0.218695,164800
1978-05-15,0.250000,0.265625,0.250000,0.250000,0.225749,188800
1978-05-16,0.250000,0.265625,0.250000,0.250000,0.225749,73600
1978-05-17,0.257813,0.273438,0.257813,0.257813,0.232804,206400
1978-05-18,0.320313,0.335938,0.320313,0.320313,0.289242,904000
1978-05-19,0.351563,0.367188,0.351563,0.351563,0.317460,692800
1978-05-22,0.351563,0.351563,0.335938,0.335938,0.303351,414400
1978-05-23,0.335938,0.343750,0.328125,0.328125,0.296296,361600
1978-05-24,0.328125,0.328125,0.312500,0.312500,0.282187,83200
1978-05-25,0.312500,0.328125,0.312500,0.312500,0.282187,153600
1978-05-26,0.328125,0.343750,0.328125,0.328125,0.296296,126400
1978-05-30,0.343750,0.359375,0.343750,0.343750,0.310405,203200
1978-05-31,0.343750,0.359375,0.343750,0.343750,0.310405,121600
1978-06-01,0.351563,0.367188,0.351563,0.351563,0.317460,134400
1978-06-02,0.351563,0.359375,0.343750,0.343750,0.310405,134400
1978-06-05,0.343750,0.359375,0.343750,0.343750,0.310405,140800
1978-06-06,0.343750,0.351563,0.335938,0.335938,0.303351,97600
1978-06-07,0.335938,0.343750,0.328125,0.328125,0.296296,240000
1978-06-08,0.328125,0.335938,0.320313,0.320313,0.289242,20800
1978-06-09,0.320313,0.328125,0.312500,0.312500,0.282187,30400
1978-06-12,0.320313,0.335938,0.320313,0.320313,0.289242,49600
1978-06-13,0.328125,0.343750,0.328125,0.328125,0.296296,163200
1978-06-14,0.328125,0.343750,0.328125,0.328125,0.296296,78400
1978-06-15,0.328125,0.335938,0.320313,0.320313,0.289242,105600
1978-06-16,0.335938,0.351563,0.335938,0.335938,0.303351,235200
1978-06-19,0.335938,0.351563,0.335938,0.335938,0.303351,16000
1978-06-20,0.335938,0.343750,0.328125,0.328125,0.296296,54400
1978-06-21,0.328125,0.328125,0.312500,0.312500,0.282187,67200
1978-06-22,0.312500,0.328125,0.312500,0.312500,0.282187,62400
1978-06-23,0.304688,0.304688,0.289063,0.289063,0.261023,67200
1978-06-26,0.289063,0.304688,0.289063,0.289063,0.261023,35200
1978-06-27,0.289063,0.296875,0.281250,0.281250,0.253968,19200
1978-06-28,0.281250,0.296875,0.281250,0.281250,0.253968,164800
1978-06-29,0.296875,0.312500,0.296875,0.296875,0.268077,97600
1978-06-30,0.296875,0.312500,0.296875,0.296875,0.268077,129600
1978-07-03,0.296875,0.312500,0.296875,0.296875,0.268077,24000
1978-07-05,0.296875,0.312500,0.296875,0.296875,0.268077,24000
1978-07-06,0.296875,0.304688,0.289063,0.289063,0.261023,44800
1978-07-07,0.289063,0.304688,0.289063,0.289063,0.261023,14400
1978-07-10,0.296875,0.312500,0.296875,0.296875,0.268077,11200
1978-07-11,0.296875,0.312500,0.296875,0.296875,0.268077,6400
1978-07-12,0.296875,0.312500,0.296875,0.296875,0.268077,35200
1978-07-13,0.304688,0.320313,0.304688,0.304688,0.275132,96000
1978-07-14,0.304688,0.320313,0.304688,0.304688,0.275132,33600
1978-07-17,0.304688,0.320313,0.304688,0.304688,0.275132,6400
1978-07-18,0.304688,0.320313,0.304688,0.304688,0.275132,35200
1978-07-19,0.304688,0.320313,0.304688,0.304688,0.275132,91200
1978-07-20,0.351563,0.367188,0.351563,0.351563,0.317460,316800
1978-07-21,0.351563,0.367188,0.351563,0.351563,0.317460,139200
1978-07-24,0.359375,0.375000,0.359375,0.359375,0.324515,144000
1978-07-25,0.359375,0.375000,0.359375,0.359375,0.324515,48000
1978-07-26,0.375000,0.390625,0.375000,0.375000,0.338624,196800
1978-07-27,0.390625,0.406250,0.390625,0.390625,0.352734,206400
1978-07-28,0.414063,0.429688,0.414063,0.414063,0.373898,203200
1978-07-31,0.453125,0.468750,0.453125,0.453125,0.409171,993600
1978-08-01,0.507813,0.523438,0.507813,0.507813,0.458554,1052800
1978-08-02,0.500000,0.500000,0.484375,0.484375,0.437390,568000
1978-08-03,0.484375,0.492188,0.476563,0.476563,0.430335,385600
1978-08-04,0.500000,0.515625,0.500000,0.500000,0.451499,400000
1978-08-07,0.484375,0.484375,0.468750,0.468750,0.423280,350400
1978-08-08,0.484375,0.500000,0.484375,0.484375,0.437390,446400
1978-08-09,0.484375,0.500000,0.484375,0.484375,0.437390,160000
1978-08-10,0.484375,0.500000,0.484375,0.484375,0.437390,412800
1978-08-11,0.484375,0.500000,0.484375,0.484375,0.437390,294400
1978-08-14,0.484375,0.500000,0.484375,0.484375,0.437390,169600
1978-08-15,0.500000,0.515625,0.500000,0.500000,0.451499,452800
1978-08-16,0.500000,0.515625,0.500000,0.500000,0.451499,222400
1978-08-17,0.500000,0.500000,0.484375,0.484375,0.437390,115200
1978-08-18,0.484375,0.484375,0.468750,0.468750,0.423280,182400
1978-08-21,0.468750,0.484375,0.468750,0.468750,0.423280,347200
1978-08-22,0.468750,0.484375,0.468750,0.468750,0.423280,163200
1978-08-23,0.562500,0.578125,0.562500,0.562500,0.507936,1192000
1978-08-24,0.562500,0.578125,0.562500,0.562500,0.507936,700800
1978-08-25,0.593750,0.609375,0.593750,0.593750,0.536155,328000
1978-08-28,0.593750,0.609375,0.593750,0.593750,0.536155,268800
1978-08-29,0.593750,0.601563,0.585938,0.585938,0.529100,158400
1978-08-30,0.585938,0.601563,0.585938,0.585938,0.529100,68800
1978-08-31,0.585938,0.593750,0.578125,0.578125,0.522046,145600
1978-09-01,0.578125,0.578125,0.562500,0.562500,0.507936,313600
1978-09-05,0.562500,0.578125,0.562500,0.562500,0.507936,361600
1978-09-06,0.562500,0.578125,0.562500,0.562500,0.507936,380800
1978-09-07,0.593750,0.609375,0.593750,0.593750,0.536155,323200
1978-09-08,0.601563,0.617188,0.601563,0.601563,0.543210,184000
1978-09-11,0.703125,0.718750,0.703125,0.703125,0.634920,491200
1978-09-12,0.671875,0.671875,0.656250,0.656250,0.592593,462400
1978-09-13,0.640625,0.640625,0.625000,0.625000,0.564374,246400
1978-09-14,0.625000,0.625000,0.609375,0.609375,0.550264,97600
1978-09-15,0.632813,0.648438,0.632813,0.632813,0.571428,326400
1978-09-18,0.632813,0.640625,0.625000,0.625000,0.564374,193600
1978-09-19,0.593750,0.593750,0.578125,0.578125,0.522046,155200
1978-09-20,0.578125,0.585938,0.570313,0.570313,0.514991,212800
1978-09-21,0.570313,0.585938,0.570313,0.570313,0.514991,163200
1978-09-22,0.570313,0.593750,0.570313,0.570313,0.514991,140800
1978-09-25,0.570313,0.593750,0.570313,0.570313,0.514991,24000
1978-09-26,0.570313,0.578125,0.562500,0.562500,0.507936,44800
1978-09-27,0.562500,0.578125,0.562500,0.562500,0.507936,48000
1978-09-28,0.562500,0.578125,0.562500,0.562500,0.507936,280000
1978-09-29,0.562500,0.585938,0.562500,0.562500,0.507936,20800
1978-10-02,0.562500,0.578125,0.562500,0.562500,0.507936,6400
1978-10-03,0.562500,0.570313,0.546875,0.546875,0.493827,91200
1978-10-04,0.554688,0.578125,0.554688,0.554688,0.500882,110400
1978-10-05,0.593750,0.609375,0.593750,0.593750,0.536155,417600
1978-10-06,0.609375,0.625000,0.609375,0.609375,0.550264,256000
1978-10-09,0.632813,0.656250,0.632813,0.632813,0.571428,268800
1978-10-10,0.632813,0.640625,0.617188,0.617188,0.557319,326400
1978-10-11,0.671875,0.686849,0.671875,0.671875,0.606702,499200
1978-10-12,0.656250,0.656250,0.640625,0.640625,0.578483,299200
1978-10-13,0.640625,0.664063,0.640625,0.640625,0.578483,35200
1978-10-16,0.625000,0.625000,0.609375,0.609375,0.550264,150400
1978-10-17,0.593750,0.593750,0.578125,0.578125,0.522046,136000
1978-10-18,0.546875,0.546875,0.531250,0.531250,0.479718,256000
1978-10-19,0.531250,0.539063,0.515625,0.515625,0.465608,436800
1978-10-20,0.476563,0.476563,0.453125,0.453125,0.409171,230400
1978-10-23,0.460938,0.484375,0.460938,0.460938,0.416226,158400
1978-10-24,0.468750,0.492188,0.468750,0.468750,0.423280,268800
1978-10-25,0.468750,0.492188,0.468750,0.468750,0.423280,193600
1978-10-26,0.437500,0.437500,0.421875,0.421875,0.380952,294400
1978-10-27,0.421875,0.437500,0.414063,0.414063,0.373898,187200
1978-10-30,0.398438,0.398438,0.375000,0.375000,0.338624,192000
1978-10-31,0.375000,0.375000,0.359375,0.359375,0.324515,196800
1978-11-01,0.421875,0.445313,0.421875,0.421875,0.380952,294400
1978-11-02,0.429688,0.453125,0.429688,0.429688,0.388007,134400
1978-11-03,0.429688,0.445313,0.421875,0.421875,0.380952,11200
1978-11-06,0.421875,0.437500,0.421875,0.421875,0.380952,62400
1978-11-07,0.406250,0.406250,0.390625,0.390625,0.352734,62400
1978-11-08,0.390625,0.406250,0.382813,0.382813,0.345679,52800
1978-11-09,0.382813,0.406250,0.382813,0.382813,0.345679,30400
1978-11-10,0.390625,0.406250,0.390625,0.390625,0.352734,1600
1978-11-13,0.390625,0.398438,0.375000,0.375000,0.338624,16000
1978-11-14,0.375000,0.382813,0.359375,0.359375,0.324515,52800
1978-11-15,0.359375,0.367188,0.343750,0.343750,0.310405,158400
1978-11-16,0.343750,0.367188,0.343750,0.343750,0.310405,28800
1978-11-17,0.359375,0.375000,0.359375,0.359375,0.324515,14400
1978-11-20,0.390625,0.414063,0.390625,0.390625,0.352734,172800
1978-11-21,0.406250,0.421875,0.406250,0.406250,0.366843,116800
1978-11-22,0.414063,0.437500,0.414063,0.414063,0.373898,172800
1978-11-24,0.421875,0.437500,0.421875,0.421875,0.380952,105600
1978-11-27,0.421875,0.421875,0.406250,0.406250,0.366843,86400
1978-11-28,0.406250,0.421875,0.406250,0.406250,0.366843,40000
1978-11-29,0.406250,0.414063,0.390625,0.390625,0.352734,43200
1978-11-30,0.421875,0.445313,0.421875,0.421875,0.380952,265600
1978-12-01,0.468750,0.492188,0.468750,0.468750,0.423280,198400
1978-12-04,0.476563,0.500000,0.476563,0.476563,0.430335,28800
1978-12-05,0.484375,0.500000,0.484375,0.484375,0.437390,16000
1978-12-06,0.484375,0.500000,0.484375,0.484375,0.437390,145600
1978-12-07,0.484375,0.484375,0.468750,0.468750,0.423280,86400
1978-12-08,0.468750,0.484375,0.460938,0.460938,0.416226,19200
1978-12-11,0.460938,0.484375,0.460938,0.460938,0.416226,14400
1978-12-12,0.460938,0.468750,0.445313,0.445313,0.402116,107200
1978-12-13,0.445313,0.460938,0.437500,0.437500,0.395062,6400
1978-12-14,0.468750,0.484375,0.468750,0.468750,0.423280,414400
1978-12-15,0.500000,0.515625,0.500000,0.500000,0.451499,198400
1978-12-18,0.445313,0.445313,0.421875,0.421875,0.380952,280000
1978-12-19,0.437500,0.460938,0.437500,0.437500,0.395062,134400
1978-12-20,0.437500,0.437500,0.437500,0.437500,0.395062,0
1978-12-21,0.437500,0.445313,0.421875,0.421875,0.380952,68800
1978-12-22,0.539063,0.562500,0.539063,0.539063,0.486772,523200
1978-12-26,0.515625,0.515625,0.500000,0.500000,0.451499,240000
1978-12-27,0.515625,0.531250,0.515625,0.515625,0.465608,232000
1978-12-28,0.515625,0.531250,0.507813,0.507813,0.458554,182400
1978-12-29,0.507813,0.515625,0.500000,0.500000,0.451499,292800
1979-01-02,0.500000,0.515625,0.492188,0.492188,0.444444,28800
1979-01-03,0.515625,0.539063,0.515625,0.515625,0.465608,187200
1979-01-04,0.554688,0.578125,0.554688,0.554688,0.500882,326400
1979-01-05,0.562500,0.585938,0.562500,0.562500,0.507936,217600
1979-01-08,0.562500,0.578125,0.562500,0.562500,0.507936,73600
1979-01-09,0.562500,0.570313,0.546875,0.546875,0.493827,188800
1979-01-10,0.546875,0.562500,0.546875,0.546875,0.493827,251200
1979-01-11,0.570313,0.593750,0.570313,0.570313,0.514991,246400
1979-01-12,0.609375,0.625000,0.609375,0.609375,0.550264,428800
1979-01-15,0.609375,0.632813,0.609375,0.609375,0.550264,412800
1979-01-16,0.609375,0.617188,0.593750,0.593750,0.536155,259200
1979-01-17,0.593750,0.609375,0.585938,0.585938,0.529100,57600
1979-01-18,0.593750,0.609375,0.593750,0.593750,0.536155,145600
1979-01-19,0.593750,0.609375,0.593750,0.593750,0.536155,116800
1979-01-22,0.593750,0.609375,0.585938,0.585938,0.529100,83200
1979-01-23,0.585938,0.609375,0.585938,0.585938,0.529100,102400
1979-01-24,0.585938,0.593750,0.578125,0.578125,0.522046,107200
1979-01-25,0.578125,0.578125,0.562500,0.562500,0.507936,155200
1979-01-26,0.585938,0.609375,0.585938,0.585938,0.529100,235200
1979-01-29,0.593750,0.617188,0.593750,0.593750,0.536155,76800
1979-01-30,0.578125,0.578125,0.554688,0.554688,0.500882,187200
1979-01-31,0.554688,0.562500,0.539063,0.539063,0.486772,105600
1979-02-01,0.546875,0.562500,0.546875,0.546875,0.493827,30400
1979-02-02,0.531250,0.531250,0.507813,0.507813,0.458554,131200
1979-02-05,0.515625,0.531250,0.515625,0.515625,0.465608,134400
1979-02-06,0.515625,0.539063,0.515625,0.515625,0.465608,6400
1979-02-07,0.546875,0.570313,0.546875,0.546875,0.493827,419200
1979-02-08,0.601563,0.625000,0.601563,0.601563,0.543210,620800
1979-02-09,0.601563,0.609375,0.593750,0.593750,0.536155,140800
1979-02-12,0.593750,0.593750,0.570313,0.570313,0.514991,158400
1979-02-13,0.570313,0.593750,0.570313,0.570313,0.514991,211200
1979-02-14,0.570313,0.578125,0.554688,0.554688,0.500882,59200
1979-02-15,0.562500,0.578125,0.562500,0.562500,0.507936,38400
1979-02-16,0.578125,0.601563,0.578125,0.578125,0.522046,203200
1979-02-20,0.585938,0.609375,0.585938,0.585938,0.529100,91200
1979-02-21,0.585938,0.609375,0.585938,0.585938,0.529100,136000
1979-02-22,0.585938,0.601563,0.578125,0.578125,0.522046,64000
1979-02-23,0.578125,0.585938,0.562500,0.562500,0.507936,86400
1979-02-26,0.562500,0.585938,0.562500,0.562500,0.507936,24000
1979-02-27,0.562500,0.570313,0.546875,0.546875,0.493827,150400
1979-02-28,0.546875,0.562500,0.539063,0.539063,0.486772,208000
1979-03-01,0.578125,0.601563,0.578125,0.578125,0.522046,256000
1979-03-02,0.578125,0.601563,0.578125,0.578125,0.522046,211200
1979-03-05,0.593750,0.617188,0.593750,0.593750,0.536155,115200
1979-03-06,0.593750,0.617188,0.593750,0.593750,0.536155,64000
1979-03-07,0.625000,0.640625,0.625000,0.625000,0.564374,494400
1979-03-08,0.625000,0.640625,0.617188,0.617188,0.557319,102400
1979-03-09,0.617188,0.625000,0.609375,0.609375,0.550264,88000
1979-03-12,0.609375,0.625000,0.601563,0.601563,0.543210,44800
1979-03-13,0.609375,0.625000,0.609375,0.609375,0.550264,57600
1979-03-14,0.609375,0.625000,0.601563,0.601563,0.543210,169600
1979-03-15,0.601563,0.625000,0.601563,0.601563,0.543210,6400
1979-03-16,0.609375,0.632813,0.609375,0.609375,0.550264,120000
1979-03-19,0.625000,0.640625,0.625000,0.625000,0.564374,249600
1979-03-20,0.664063,0.686849,0.664063,0.664063,0.599647,465600
1979-03-21,0.718750,0.733724,0.718750,0.718750,0.649030,456000
1979-03-22,0.733724,0.757813,0.733724,0.733724,0.662551,793600
1979-03-23,0.765625,0.788411,0.765625,0.765625,0.691358,1579200
1979-03-26,0.757813,0.757813,0.733724,0.733724,0.662551,412800
1979-03-27,0.765625,0.780599,0.765625,0.765625,0.691358,328000
1979-03-28,0.765625,0.780599,0.757813,0.757813,0.684303,211200
1979-03-29,0.757813,0.773438,0.749349,0.749349,0.676660,112000
1979-03-30,0.749349,0.749349,0.726563,0.726563,0.656084,116800
1979-04-02,0.726563,0.749349,0.726563,0.726563,0.656084,145600
1979-04-03,0.733724,0.757813,0.733724,0.733724,0.662551,222400
1979-04-04,0.733724,0.757813,0.733724,0.733724,0.662551,160000
1979-04-05,0.773438,0.796224,0.773438,0.773438,0.698412,374400
1979-04-06,0.804036,0.827474,0.804036,0.804036,0.726043,609600
1979-04-09,0.804036,0.811849,0.796224,0.796224,0.718988,116800
1979-04-10,0.796224,0.811849,0.796224,0.796224,0.718988,100800
1979-04-11,0.788411,0.788411,0.765625,0.765625,0.691358,270400
1979-04-12,0.757813,0.757813,0.733724,0.733724,0.662551,206400
1979-04-16,0.733724,0.733724,0.710938,0.710938,0.641975,251200
1979-04-17,0.710938,0.718750,0.703125,0.703125,0.634920,120000
1979-04-18,0.765625,0.788411,0.765625,0.765625,0.691358,316800
1979-04-19,0.765625,0.773438,0.749349,0.749349,0.676660,169600
1979-04-20,0.780599,0.804036,0.780599,0.780599,0.704879,164800
1979-04-23,0.780599,0.796224,0.780599,0.780599,0.704879,284800
1979-04-24,0.788411,0.820313,0.788411,0.788411,0.711934,169600
1979-04-25,0.788411,0.820313,0.788411,0.788411,0.711934,126400
1979-04-26,0.788411,0.811849,0.780599,0.780599,0.704879,216000
1979-04-27,0.780599,0.811849,0.780599,0.780599,0.704879,120000
1979-04-30,0.780599,0.811849,0.780599,0.780599,0.704879,91200
1979-05-01,0.780599,0.811849,0.780599,0.780599,0.704879,24000
1979-05-02,0.820313,0.850911,0.820313,0.820313,0.740741,193600
1979-05-03,0.827474,0.858724,0.827474,0.827474,0.747207,404800
1979-05-04,0.827474,0.850911,0.820313,0.820313,0.740741,153600
1979-05-07,0.820313,0.850911,0.820313,0.820313,0.740741,923200
1979-05-08,0.889974,0.921224,0.889974,0.889974,0.803645,649600
1979-05-09,0.999349,1.030599,0.999349,0.999349,0.902410,729600
1979-05-10,1.014974,1.061849,1.014974,1.014974,0.916519,760000
1979-05-11,1.014974,1.030599,0.983724,0.983724,0.888301,177600
1979-05-14,0.983724,1.014974,0.975911,0.975911,0.881246,240000
1979-05-15,0.983724,1.030599,0.983724,0.983724,0.888301,68800
1979-05-16,1.124349,1.163411,1.124349,1.124349,1.015285,796800
1979-05-17,1.194661,1.233724,1.194661,1.194661,1.078777,342400
1979-05-18,1.202474,1.249349,1.202474,1.202474,1.085831,496000
1979-05-21,1.186849,1.186849,1.139974,1.139974,1.029394,270400
1979-05-22,1.171224,1.218099,1.171224,1.171224,1.057613,609600
1979-05-23,1.186849,1.225911,1.186849,1.186849,1.071722,523200
1979-05-24,1.249349,1.288411,1.249349,1.249349,1.128159,345600
1979-05-25,1.280599,1.319661,1.280599,1.280599,1.156378,246400
1979-05-29,1.327474,1.389974,1.327474,1.327474,1.198706,398400
1979-05-30,1.327474,1.350911,1.288411,1.288411,1.163433,155200
1979-05-31,1.288411,1.311849,1.249349,1.249349,1.128159,251200
1979-06-01,1.249349,1.264974,1.202474,1.202474,1.085831,187200
1979-06-04,1.202474,1.225911,1.163411,1.163411,1.050558,299200
1979-06-05,1.163411,1.225911,1.163411,1.163411,1.050558,182400
1979-06-06,1.163411,1.225911,1.163411,1.163411,1.050558,145600
1979-06-07,1.163411,1.225911,1.163411,1.163411,1.050558,86400
1979-06-08,1.186849,1.249349,1.186849,1.186849,1.071722,73600
1979-06-11,1.350911,1.413411,1.350911,1.350911,1.219870,318400
1979-06-12,1.452474,1.514974,1.452474,1.452474,1.311581,297600
1979-06-13,1.452474,1.452474,1.389974,1.389974,1.255144,145600
1979-06-14,1.389974,1.452474,1.389974,1.389974,1.255144,268800
1979-06-15,1.413411,1.475911,1.413411,1.413411,1.276307,350400
1979-06-18,1.413411,1.452474,1.389974,1.389974,1.255144,88000
1979-06-19,1.389974,1.436849,1.374349,1.374349,1.241034,313600
1979-06-20,1.514974,1.577474,1.514974,1.514974,1.368018,169600
1979-06-21,1.514974,1.561849,1.499349,1.499349,1.353909,184000
1979-06-22,1.499349,1.561849,1.499349,1.499349,1.353909,193600
1979-06-25,1.475911,1.475911,1.413411,1.413411,1.276307,115200
1979-06-26,1.413411,1.413411,1.350911,1.350911,1.219870,196800
1979-06-27,1.350911,1.413411,1.350911,1.350911,1.219870,107200
1979-06-28,1.374349,1.436849,1.374349,1.374349,1.241034,62400
1979-06-29,1.374349,1.389974,1.327474,1.327474,1.198706,179200
1979-07-02,1.327474,1.327474,1.264974,1.264974,1.142269,129600
1979-07-03,1.288411,1.350911,1.288411,1.288411,1.163433,96000
1979-07-05,1.311849,1.374349,1.311849,1.311849,1.184597,97600
1979-07-06,1.311849,1.374349,1.311849,1.311849,1.184597,96000
1979-07-09,1.437500,1.437500,1.343750,1.343750,1.213403,128000
1979-07-10,1.406250,1.500000,1.406250,1.406250,1.269841,156800
1979-07-11,1.406250,1.468750,1.375000,1.375000,1.241622,108800
1979-07-12,1.375000,1.468750,1.375000,1.375000,1.241622,97600
1979-07-13,1.437500,1.531250,1.437500,1.437500,1.298060,62400
1979-07-16,1.437500,1.500000,1.406250,1.406250,1.269841,41600
1979-07-17,1.406250,1.421875,1.328125,1.328125,1.199294,72000
1979-07-18,1.328125,1.343750,1.250000,1.250000,1.128748,56000
1979-07-19,1.250000,1.281250,1.187500,1.187500,1.072310,108800
1979-07-20,1.187500,1.281250,1.187500,1.187500,1.072310,20800
1979-07-23,1.187500,1.281250,1.187500,1.187500,1.072310,54400
1979-07-24,1.187500,1.281250,1.187500,1.187500,1.072310,68800
1979-07-25,1.187500,1.281250,1.187500,1.187500,1.072310,38400
1979-07-26,1.187500,1.265625,1.171875,1.171875,1.058201,33600
1979-07-27,1.437500,1.531250,1.437500,1.437500,1.298060,92800
1979-07-30,1.406250,1.406250,1.312500,1.312500,1.185185,76800
1979-07-31,1.218750,1.218750,1.125000,1.125000,1.015873,78400
1979-08-01,1.218750,1.312500,1.218750,1.218750,1.100529,297600
1979-08-02,1.234375,1.328125,1.234375,1.234375,1.114638,108800
1979-08-03,1.234375,1.281250,1.218750,1.218750,1.100529,24000
1979-08-06,1.218750,1.250000,1.187500,1.187500,1.072310,32000
1979-08-07,1.187500,1.203125,1.140625,1.140625,1.029982,70400
1979-08-08,1.203125,1.265625,1.203125,1.203125,1.086419,177600
1979-08-09,1.203125,1.265625,1.203125,1.203125,1.086419,104000
1979-08-10,1.218750,1.281250,1.218750,1.218750,1.100529,57600
1979-08-13,1.250000,1.312500,1.250000,1.250000,1.128748,377600
1979-08-14,1.406250,1.468750,1.406250,1.406250,1.269841,209600
1979-08-15,1.406250,1.453125,1.390625,1.390625,1.255731,96000
1979-08-16,1.390625,1.453125,1.390625,1.390625,1.255731,177600
1979-08-17,1.390625,1.437500,1.375000,1.375000,1.241622,164800
1979-08-20,1.375000,1.421875,1.359375,1.359375,1.227513,124800
1979-08-21,1.359375,1.421875,1.359375,1.359375,1.227513,235200
1979-08-22,1.390625,1.453125,1.390625,1.390625,1.255731,844800
1979-08-23,1.453125,1.515625,1.453125,1.453125,1.312169,467200
1979-08-24,1.468750,1.531250,1.468750,1.468750,1.326278,296000
1979-08-27,1.468750,1.468750,1.406250,1.406250,1.269841,187200
1979-08-28,1.406250,1.468750,1.406250,1.406250,1.269841,110400
1979-08-29,1.375000,1.375000,1.312500,1.312500,1.185185,232000
1979-08-30,1.343750,1.406250,1.343750,1.343750,1.213403,118400
1979-08-31,1.359375,1.421875,1.359375,1.359375,1.227513,134400
1979-09-04,1.359375,1.375000,1.312500,1.312500,1.185185,126400
1979-09-05,1.312500,1.375000,1.312500,1.312500,1.185185,347200
1979-09-06,1.328125,1.390625,1.328125,1.328125,1.199294,64000
1979-09-07,1.328125,1.375000,1.312500,1.312500,1.185185,123200
1979-09-10,1.312500,1.375000,1.312500,1.312500,1.185185,46400
1979-09-11,1.312500,1.343750,1.281250,1.281250,1.156966,94400
1979-09-12,1.281250,1.312500,1.250000,1.250000,1.128748,73600
1979-09-13,1.265625,1.328125,1.265625,1.265625,1.142857,78400
1979-09-14,1.359375,1.421875,1.359375,1.359375,1.227513,243200
1979-09-17,1.390625,1.453125,1.390625,1.390625,1.255731,136000
1979-09-18,1.390625,1.437500,1.375000,1.375000,1.241622,136000
1979-09-19,1.375000,1.390625,1.328125,1.328125,1.199294,145600
1979-09-20,1.328125,1.359375,1.296875,1.296875,1.171075,318400
1979-09-21,1.296875,1.328125,1.265625,1.265625,1.142857,128000
1979-09-24,1.265625,1.312500,1.250000,1.250000,1.128748,152000
1979-09-25,1.265625,1.328125,1.265625,1.265625,1.142857,134400
1979-09-26,1.375000,1.437500,1.375000,1.375000,1.241622,558400
1979-09-27,1.375000,1.421875,1.359375,1.359375,1.227513,126400
1979-09-28,1.359375,1.421875,1.359375,1.359375,1.227513,230400
1979-10-01,1.359375,1.406250,1.343750,1.343750,1.213403,19200
1979-10-02,1.406250,1.468750,1.406250,1.406250,1.269841,132800
1979-10-03,1.468750,1.531250,1.468750,1.468750,1.326278,232000
1979-10-04,1.468750,1.531250,1.468750,1.468750,1.326278,83200
1979-10-05,1.468750,1.484375,1.421875,1.421875,1.283950,251200
1979-10-08,1.406250,1.406250,1.343750,1.343750,1.213403,97600
1979-10-09,1.281250,1.281250,1.218750,1.218750,1.100529,168000
1979-10-10,1.218750,1.250000,1.187500,1.187500,1.072310,264000
1979-10-11,1.218750,1.281250,1.218750,1.218750,1.100529,182400
1979-10-12,1.218750,1.281250,1.218750,1.218750,1.100529,142400
1979-10-15,1.218750,1.250000,1.156250,1.156250,1.044091,75200
1979-10-16,1.218750,1.312500,1.218750,1.218750,1.100529,70400
1979-10-17,1.250000,1.343750,1.250000,1.250000,1.128748,158400
1979-10-18,1.312500,1.406250,1.312500,1.312500,1.185185,281600
1979-10-19,1.312500,1.375000,1.281250,1.281250,1.156966,284800
1979-10-22,1.250000,1.250000,1.156250,1.156250,1.044091,132800
1979-10-23,1.156250,1.250000,1.156250,1.156250,1.044091,112000
1979-10-24,1.187500,1.281250,1.187500,1.187500,1.072310,177600
1979-10-25,1.187500,1.281250,1.187500,1.187500,1.072310,110400
1979-10-26,1.187500,1.218750,1.125000,1.125000,1.015873,113600
1979-10-29,1.125000,1.218750,1.125000,1.125000,1.015873,184000
1979-10-30,1.218750,1.312500,1.218750,1.218750,1.100529,232000
1979-10-31,1.218750,1.218750,1.156250,1.156250,1.044091,2115200
1979-11-01,1.187500,1.250000,1.187500,1.187500,1.072310,379200
1979-11-02,1.187500,1.250000,1.187500,1.187500,1.072310,198400
1979-11-05,1.187500,1.218750,1.156250,1.156250,1.044091,544000
1979-11-06,1.156250,1.187500,1.125000,1.125000,1.015873,257600
1979-11-07,1.125000,1.156250,1.093750,1.093750,0.987654,262400
1979-11-08,1.125000,1.187500,1.125000,1.125000,1.015873,404800
1979-11-09,1.171875,1.234375,1.171875,1.171875,1.058201,313600
1979-11-12,1.187500,1.250000,1.187500,1.187500,1.072310,233600
1979-11-13,1.187500,1.203125,1.140625,1.140625,1.029982,396800
1979-11-14,1.156250,1.218750,1.156250,1.156250,1.044091,576000
1979-11-15,1.187500,1.250000,1.187500,1.187500,1.072310,835200
1979-11-16,1.187500,1.250000,1.187500,1.187500,1.072310,472000
1979-11-19,1.218750,1.281250,1.218750,1.218750,1.100529,929600
1979-11-20,1.234375,1.296875,1.234375,1.234375,1.114638,944000
1979-11-21,1.281250,1.343750,1.281250,1.281250,1.156966,628800
1979-11-23,1.343750,1.406250,1.343750,1.343750,1.213403,472000
1979-11-26,1.468750,1.531250,1.468750,1.468750,1.326278,1201600
1979-11-27,1.468750,1.500000,1.437500,1.437500,1.298060,720000
1979-11-28,1.468750,1.531250,1.468750,1.468750,1.326278,419200
1979-11-29,1.546875,1.609375,1.546875,1.546875,1.396825,811200
1979-11-30,1.546875,1.593750,1.531250,1.531250,1.382716,500800
1979-12-03,1.531250,1.593750,1.531250,1.531250,1.382716,225600
1979-12-04,1.656250,1.718750,1.656250,1.656250,1.495590,1328000
1979-12-05,1.718750,1.781250,1.718750,1.718750,1.552028,1201600
1979-12-06,1.812500,1.875000,1.812500,1.812500,1.636684,1480000
1979-12-07,1.812500,1.828125,1.765625,1.765625,1.594356,1204800
1979-12-10,1.781250,1.843750,1.781250,1.781250,1.608465,412800
1979-12-11,1.796875,1.859375,1.796875,1.796875,1.622574,456000
1979-12-12,1.796875,1.828125,1.765625,1.765625,1.594356,280000
1979-12-13,1.703125,1.703125,1.640625,1.640625,1.481481,560000
1979-12-14,1.859375,1.921875,1.859375,1.859375,1.679012,937600
1979-12-17,1.859375,1.875000,1.812500,1.812500,1.636684,596800
1979-12-18,1.843750,1.906250,1.843750,1.843750,1.664903,355200
1979-12-19,1.843750,1.875000,1.812500,1.812500,1.636684,206400
1979-12-20,1.812500,1.828125,1.765625,1.765625,1.594356,235200
1979-12-21,1.781250,1.843750,1.781250,1.781250,1.608465,427200
1979-12-24,1.781250,1.796875,1.734375,1.734375,1.566137,206400
1979-12-26,1.750000,1.812500,1.750000,1.750000,1.580246,163200
1979-12-27,1.750000,1.812500,1.750000,1.750000,1.580246,100800
1979-12-28,1.750000,1.781250,1.718750,1.718750,1.552028,342400
1979-12-31,1.718750,1.781250,1.718750,1.718750,1.552028,139200
1980-01-02,1.593750,1.593750,1.531250,1.531250,1.382716,443200
1980-01-03,1.609375,1.671875,1.609375,1.609375,1.453262,696000
1980-01-04,1.687500,1.750000,1.687500,1.687500,1.523809,297600
1980-01-07,1.734375,1.796875,1.734375,1.734375,1.566137,120000
1980-01-08,1.859375,1.921875,1.859375,1.859375,1.679012,321600
1980-01-09,1.859375,1.906250,1.843750,1.843750,1.664903,980800
1980-01-10,1.906250,1.968750,1.906250,1.906250,1.721340,864000
1980-01-11,1.906250,1.968750,1.906250,1.906250,1.721340,396800
1980-01-14,1.812500,1.812500,1.750000,1.750000,1.580246,425600
1980-01-15,1.765625,1.828125,1.765625,1.765625,1.594356,289600
1980-01-16,1.765625,1.812500,1.750000,1.750000,1.580246,406400
1980-01-17,1.765625,1.828125,1.765625,1.765625,1.594356,331200
1980-01-18,1.765625,1.828125,1.765625,1.765625,1.594356,94400
1980-01-21,1.843750,1.906250,1.843750,1.843750,1.664903,208000
1980-01-22,1.843750,1.859375,1.796875,1.796875,1.622574,209600
1980-01-23,1.812500,1.875000,1.812500,1.812500,1.636684,172800
1980-01-24,1.781250,1.781250,1.718750,1.718750,1.552028,264000
1980-01-25,1.734375,1.796875,1.734375,1.734375,1.566137,248000
1980-01-28,1.734375,1.781250,1.718750,1.718750,1.552028,148800
1980-01-29,1.718750,1.765625,1.703125,1.703125,1.537918,233600
1980-01-30,1.703125,1.765625,1.703125,1.703125,1.537918,80000
1980-01-31,1.734375,1.796875,1.734375,1.734375,1.566137,561600
1980-02-01,1.734375,1.734375,1.671875,1.671875,1.509700,371200
1980-02-04,1.687500,1.750000,1.687500,1.687500,1.523809,240000
1980-02-05,1.781250,1.843750,1.781250,1.781250,1.608465,254400
1980-02-06,1.937500,2.000000,1.937500,1.937500,1.749558,620800
1980-02-07,1.906250,1.906250,1.843750,1.843750,1.664903,779200
1980-02-08,1.859375,1.921875,1.859375,1.859375,1.679012,376000
1980-02-11,1.859375,1.906250,1.843750,1.843750,1.664903,408000
1980-02-12,1.843750,1.906250,1.843750,1.843750,1.664903,281600
1980-02-13,1.843750,1.875000,1.812500,1.812500,1.636684,582400
1980-02-14,1.796875,1.796875,1.734375,1.734375,1.566137,168000
1980-02-15,1.750000,1.812500,1.750000,1.750000,1.580246,118400
1980-02-19,1.750000,1.781250,1.718750,1.718750,1.552028,296000
1980-02-20,1.781250,1.843750,1.781250,1.781250,1.608465,256000
1980-02-21,1.781250,1.812500,1.750000,1.750000,1.580246,316800
1980-02-22,1.750000,1.781250,1.718750,1.718750,1.552028,206400
1980-02-25,1.718750,1.765625,1.703125,1.703125,1.537918,206400
1980-02-26,1.718750,1.781250,1.718750,1.718750,1.552028,148800
1980-02-27,1.718750,1.781250,1.718750,1.718750,1.552028,48000
1980-02-28,1.718750,1.781250,1.718750,1.718750,1.552028,516800
1980-02-29,1.718750,1.781250,1.718750,1.718750,1.552028,113600
1980-03-03,1.718750,1.765625,1.703125,1.703125,1.537918,153600
1980-03-04,1.703125,1.750000,1.687500,1.687500,1.523809,150400
1980-03-05,1.687500,1.703125,1.640625,1.640625,1.481481,395200
1980-03-06,1.593750,1.593750,1.531250,1.531250,1.382716,161600
1980-03-07,1.500000,1.500000,1.437500,1.437500,1.298060,612800
1980-03-10,1.437500,1.468750,1.406250,1.406250,1.269841,265600
1980-03-11,1.421875,1.484375,1.421875,1.421875,1.283950,342400
1980-03-12,1.453125,1.515625,1.453125,1.453125,1.312169,33600
1980-03-13,1.468750,1.531250,1.468750,1.468750,1.326278,115200
1980-03-14,1.468750,1.515625,1.453125,1.453125,1.312169,91200
1980-03-17,1.453125,1.500000,1.437500,1.437500,1.298060,91200
1980-03-18,1.390625,1.390625,1.328125,1.328125,1.199294,284800
1980-03-19,1.375000,1.437500,1.375000,1.375000,1.241622,326400
1980-03-20,1.406250,1.468750,1.406250,1.406250,1.269841,211200
1980-03-21,1.421875,1.484375,1.421875,1.421875,1.283950,132800
1980-03-24,1.375000,1.375000,1.312500,1.312500,1.185185,308800
1980-03-25,1.250000,1.250000,1.187500,1.187500,1.072310,451200
1980-03-26,1.218750,1.281250,1.218750,1.218750,1.100529,174400
1980-03-27,1.078125,1.078125,1.015625,1.015625,0.917107,344000
1980-03-28,1.218750,1.281250,1.218750,1.218750,1.100529,304000
1980-03-31,1.218750,1.265625,1.203125,1.203125,1.086419,174400
1980-04-01,1.218750,1.281250,1.218750,1.218750,1.100529,182400
1980-04-02,1.265625,1.328125,1.265625,1.265625,1.142857,139200
1980-04-03,1.296875,1.359375,1.296875,1.296875,1.171075,97600
1980-04-07,1.265625,1.265625,1.203125,1.203125,1.086419,115200
1980-04-08,1.203125,1.265625,1.203125,1.203125,1.086419,92800
1980-04-09,1.218750,1.281250,1.218750,1.218750,1.100529,161600
1980-04-10,1.343750,1.406250,1.343750,1.343750,1.213403,611200
1980-04-11,1.343750,1.390625,1.328125,1.328125,1.199294,139200
1980-04-14,1.328125,1.375000,1.312500,1.312500,1.185185,144000
1980-04-15,1.312500,1.359375,1.296875,1.296875,1.171075,49600
1980-04-16,1.296875,1.343750,1.281250,1.281250,1.156966,108800
1980-04-17,1.281250,1.281250,1.218750,1.218750,1.100529,174400
1980-04-18,1.218750,1.250000,1.187500,1.187500,1.072310,96000
1980-04-21,1.171875,1.171875,1.109375,1.109375,1.001763,176000
1980-04-22,1.218750,1.281250,1.218750,1.218750,1.100529,262400
1980-04-23,1.218750,1.265625,1.203125,1.203125,1.086419,116800
1980-04-24,1.203125,1.265625,1.203125,1.203125,1.086419,78400
1980-04-25,1.203125,1.250000,1.187500,1.187500,1.072310,126400
1980-04-28,1.187500,1.250000,1.187500,1.187500,1.072310,174400
1980-04-29,1.187500,1.234375,1.171875,1.171875,1.058201,81600
1980-04-30,1.171875,1.218750,1.156250,1.156250,1.044091,94400
1980-05-01,1.156250,1.187500,1.125000,1.125000,1.015873,118400
1980-05-02,1.125000,1.187500,1.125000,1.125000,1.015873,145600
1980-05-05,1.125000,1.187500,1.125000,1.125000,1.015873,100800
1980-05-06,1.125000,1.187500,1.125000,1.125000,1.015873,128000
1980-05-07,1.203125,1.265625,1.203125,1.203125,1.086419,196800
1980-05-08,1.250000,1.312500,1.250000,1.250000,1.128748,259200
1980-05-09,1.250000,1.265625,1.203125,1.203125,1.086419,86400
1980-05-12,1.203125,1.203125,1.140625,1.140625,1.029982,163200
1980-05-13,1.140625,1.187500,1.125000,1.125000,1.015873,62400
1980-05-14,1.187500,1.250000,1.187500,1.187500,1.072310,254400
1980-05-15,1.187500,1.203125,1.140625,1.140625,1.029982,153600
1980-05-16,1.140625,1.187500,1.125000,1.125000,1.015873,38400
1980-05-19,1.171875,1.234375,1.171875,1.171875,1.058201,158400
1980-05-20,1.171875,1.234375,1.171875,1.171875,1.058201,33600
1980-05-21,1.171875,1.203125,1.140625,1.140625,1.029982,113600
1980-05-22,1.187500,1.250000,1.187500,1.187500,1.072310,131200
1980-05-23,1.312500,1.375000,1.312500,1.312500,1.185185,251200
1980-05-27,1.406250,1.468750,1.406250,1.406250,1.269841,448000
1980-05-28,1.468750,1.531250,1.468750,1.468750,1.326278,600000
1980-05-29,1.468750,1.484375,1.421875,1.421875,1.283950,432000
1980-05-30,1.531250,1.593750,1.531250,1.531250,1.382716,248000
1980-06-02,1.531250,1.578125,1.515625,1.515625,1.368606,243200
1980-06-03,1.515625,1.531250,1.468750,1.468750,1.326278,190400
1980-06-04,1.468750,1.531250,1.468750,1.468750,1.326278,121600
1980-06-05,1.468750,1.484375,1.421875,1.421875,1.283950,161600
1980-06-06,1.437500,1.500000,1.437500,1.437500,1.298060,678400
1980-06-09,1.437500,1.468750,1.406250,1.406250,1.269841,241600
1980-06-10,1.406250,1.453125,1.390625,1.390625,1.255731,67200
1980-06-11,1.406250,1.468750,1.406250,1.406250,1.269841,212800
1980-06-12,1.421875,1.484375,1.421875,1.421875,1.283950,246400
1980-06-13,1.421875,1.484375,1.421875,1.421875,1.283950,65600
1980-06-16,1.421875,1.468750,1.406250,1.406250,1.269841,180800
1980-06-17,1.406250,1.453125,1.390625,1.390625,1.255731,17600
1980-06-18,1.390625,1.453125,1.390625,1.390625,1.255731,315200
1980-06-19,1.390625,1.437500,1.375000,1.375000,1.241622,43200
1980-06-20,1.375000,1.437500,1.375000,1.375000,1.241622,243200
1980-06-23,1.375000,1.437500,1.375000,1.375000,1.241622,60800
1980-06-24,1.375000,1.421875,1.359375,1.359375,1.227513,219200
1980-06-25,1.359375,1.421875,1.359375,1.359375,1.227513,225600
1980-06-26,1.359375,1.421875,1.359375,1.359375,1.227513,196800
1980-06-27,1.359375,1.406250,1.343750,1.343750,1.213403,440000
1980-06-30,1.359375,1.421875,1.359375,1.359375,1.227513,91200
1980-07-01,1.359375,1.421875,1.359375,1.359375,1.227513,27200
1980-07-02,1.406250,1.468750,1.406250,1.406250,1.269841,208000
1980-07-03,1.453125,1.515625,1.453125,1.453125,1.312169,195200
1980-07-07,1.656250,1.687500,1.656250,1.656250,1.495590,526400
1980-07-08,1.687500,1.718750,1.687500,1.687500,1.523809,315200
1980-07-09,1.687500,1.718750,1.687500,1.687500,1.523809,288000
1980-07-10,1.687500,1.718750,1.687500,1.687500,1.523809,100800
1980-07-11,1.687500,1.718750,1.687500,1.687500,1.523809,96000
1980-07-14,1.781250,1.796875,1.781250,1.781250,1.608465,308800
1980-07-15,1.765625,1.765625,1.750000,1.750000,1.580246,228800
1980-07-16,1.750000,1.781250,1.750000,1.750000,1.580246,177600
1980-07-17,1.812500,1.843750,1.812500,1.812500,1.636684,299200
1980-07-18,1.875000,1.906250,1.875000,1.875000,1.693121,608000
1980-07-21,1.875000,1.890625,1.875000,1.875000,1.693121,342400
1980-07-22,1.875000,1.890625,1.875000,1.875000,1.693121,280000
1980-07-23,1.875000,1.906250,1.875000,1.875000,1.693121,265600
1980-07-24,1.906250,1.921875,1.906250,1.906250,1.721340,276800
1980-07-25,1.906250,1.921875,1.890625,1.890625,1.707230,342400
1980-07-28,1.890625,1.921875,1.890625,1.890625,1.707230,97600
1980-07-29,1.890625,1.921875,1.890625,1.890625,1.707230,126400
1980-07-30,2.000000,2.031250,2.000000,2.000000,1.805996,486400
1980-07-31,2.234375,2.265625,2.234375,2.234375,2.017636,724800
1980-08-01,2.265625,2.281250,2.265625,2.265625,2.045855,457600
1980-08-04,2.265625,2.281250,2.265625,2.265625,2.045855,244800
1980-08-05,2.343750,2.375000,2.343750,2.343750,2.116401,616000
1980-08-06,2.375000,2.406250,2.375000,2.375000,2.144620,561600
1980-08-07,2.375000,2.375000,2.328125,2.328125,2.102292,236800
1980-08-08,2.171875,2.171875,2.140625,2.140625,1.932980,584000
1980-08-11,2.171875,2.203125,2.171875,2.171875,1.961199,441600
1980-08-12,2.203125,2.234375,2.203125,2.203125,1.989418,596800
1980-08-13,2.234375,2.250000,2.234375,2.234375,2.017636,464000
1980-08-14,2.312500,2.343750,2.312500,2.312500,2.088183,268800
1980-08-15,2.328125,2.359375,2.328125,2.328125,2.102292,747200
1980-08-18,2.328125,2.343750,2.312500,2.312500,2.088183,652800
1980-08-19,2.312500,2.312500,2.281250,2.281250,2.059964,219200
1980-08-20,2.375000,2.406250,2.375000,2.375000,2.144620,222400
1980-08-21,2.453125,2.484375,2.453125,2.453125,2.215167,334400
1980-08-22,2.500000,2.515625,2.500000,2.500000,2.257495,472000
1980-08-25,2.500000,2.515625,2.500000,2.500000,2.257495,136000
1980-08-26,2.421875,2.421875,2.390625,2.390625,2.158730,358400
1980-08-27,2.359375,2.359375,2.328125,2.328125,2.102292,299200
1980-08-28,2.250000,2.250000,2.218750,2.218750,2.003526,321600
1980-08-29,2.218750,2.218750,2.187500,2.187500,1.975308,235200
1980-09-02,2.359375,2.390625,2.359375,2.359375,2.130510,592000
1980-09-03,2.468750,2.484375,2.468750,2.468750,2.229276,489600
1980-09-04,2.593750,2.609375,2.593750,2.593750,2.342151,2017600
1980-09-05,2.750000,2.765625,2.750000,2.750000,2.483244,910400
1980-09-08,2.750000,2.750000,2.734375,2.734375,2.469135,774400
1980-09-09,2.734375,2.734375,2.703125,2.703125,2.440916,427200
1980-09-10,2.812500,2.843750,2.812500,2.812500,2.539682,388800
1980-09-11,3.109375,3.140625,3.109375,3.109375,2.807759,531200
1980-09-12,3.140625,3.171875,3.140625,3.140625,2.835977,267200
1980-09-15,3.093750,3.093750,3.062500,3.062500,2.765431,329600
1980-09-16,3.031250,3.031250,3.015625,3.015625,2.723103,260800
1980-09-17,2.984375,2.984375,2.937500,2.937500,2.652556,499200
1980-09-18,2.953125,2.984375,2.953125,2.953125,2.666666,270400
1980-09-19,3.093750,3.125000,3.093750,3.093750,2.793649,475200
1980-09-22,3.109375,3.140625,3.109375,3.109375,2.807759,507200
1980-09-23,3.109375,3.125000,3.093750,3.093750,2.793649,416000
1980-09-24,3.078125,3.078125,3.046875,3.046875,2.751322,238400
1980-09-25,3.000000,3.000000,2.968750,2.968750,2.680775,185600
1980-09-26,2.859375,2.859375,2.812500,2.812500,2.539682,206400
1980-09-29,2.718750,2.718750,2.687500,2.687500,2.426807,244800
1980-09-30,2.718750,2.734375,2.718750,2.718750,2.455025,281600
1980-10-01,2.812500,2.843750,2.812500,2.812500,2.539682,289600
1980-10-02,2.812500,2.812500,2.796875,2.796875,2.525572,147200
1980-10-03,2.812500,2.843750,2.812500,2.812500,2.539682,38400
1980-10-06,2.875000,2.906250,2.875000,2.875000,2.596119,232000
1980-10-07,2.875000,2.890625,2.859375,2.859375,2.582009,156800
1980-10-08,2.937500,2.968750,2.937500,2.937500,2.652556,140800
1980-10-09,2.968750,2.984375,2.968750,2.968750,2.680775,134400
1980-10-10,2.937500,2.937500,2.906250,2.906250,2.624337,153600
1980-10-13,2.937500,2.968750,2.937500,2.937500,2.652556,62400
1980-10-14,2.953125,2.968750,2.953125,2.953125,2.666666,150400
1980-10-15,2.953125,2.953125,2.937500,2.937500,2.652556,88000
1980-10-16,2.812500,2.812500,2.781250,2.781250,2.511463,355200
1980-10-17,2.968750,3.000000,2.968750,2.968750,2.680775,337600
1980-10-20,3.312500,3.312500,3.281250,3.281250,2.962962,189600
1980-10-21,3.281250,3.343750,3.281250,3.281250,2.962962,427200
1980-10-22,3.187500,3.187500,3.125000,3.125000,2.821869,198400
1980-10-23,2.968750,2.968750,2.937500,2.937500,2.652556,236800
1980-10-24,3.062500,3.125000,3.062500,3.062500,2.765431,226400
1980-10-27,3.062500,3.125000,3.062500,3.062500,2.765431,92800
1980-10-28,3.093750,3.156250,3.093750,3.093750,2.793649,60000
1980-10-29,3.187500,3.250000,3.187500,3.187500,2.878305,188000
1980-10-30,3.093750,3.093750,3.062500,3.062500,2.765431,165600
1980-10-31,3.062500,3.062500,3.000000,3.000000,2.708994,105600
1980-11-03,3.031250,3.093750,3.031250,3.031250,2.737213,80000
1980-11-05,3.156250,3.218750,3.156250,3.156250,2.850087,272800
1980-11-06,3.156250,3.156250,3.093750,3.093750,2.793649,116000
1980-11-07,3.093750,3.125000,3.031250,3.031250,2.737213,84800
1980-11-10,3.031250,3.062500,3.000000,3.000000,2.708994,53600
1980-11-11,3.000000,3.031250,3.000000,3.000000,2.708994,154400
1980-11-12,2.968750,2.968750,2.937500,2.937500,2.652556,224000
1980-11-13,3.000000,3.031250,3.000000,3.000000,2.708994,585600
1980-11-14,3.000000,3.062500,3.000000,3.000000,2.708994,200000
1980-11-17,3.250000,3.281250,3.250000,3.250000,2.934743,218400
1980-11-18,3.375000,3.437500,3.375000,3.375000,3.047618,268800
1980-11-19,3.562500,3.593750,3.562500,3.562500,3.216930,442400
1980-11-20,3.687500,3.718750,3.687500,3.687500,3.329805,315200
1980-11-21,3.750000,3.781250,3.750000,3.750000,3.386242,268000
1980-11-24,3.875000,3.937500,3.875000,3.875000,3.499117,144000
1980-11-25,4.156250,4.187500,4.156250,4.156250,3.753085,267200
1980-11-26,4.437500,4.468750,4.437500,4.437500,4.007053,231200
1980-11-28,4.687500,4.750000,4.687500,4.687500,4.232802,225600
1980-12-01,4.531250,4.531250,4.468750,4.468750,4.035272,344000
1980-12-02,4.468750,4.500000,4.437500,4.437500,4.007053,595200
1980-12-03,4.375000,4.375000,4.312500,4.312500,3.894178,169600
1980-12-04,4.312500,4.343750,4.250000,4.250000,3.837741,108000
1980-12-05,4.000000,4.000000,3.968750,3.968750,3.583773,150400
1980-12-08,3.781250,3.781250,3.750000,3.750000,3.386242,397600
1980-12-09,3.750000,3.750000,3.718750,3.718750,3.358024,168800
1980-12-10,3.437500,3.437500,3.375000,3.375000,3.047618,156000
1980-12-11,3.375000,3.437500,3.375000,3.375000,3.047618,320800
1980-12-12,3.656250,3.750000,3.656250,3.656250,3.301586,313600
1980-12-15,3.656250,3.687500,3.625000,3.625000,3.273367,134400
1980-12-16,3.625000,3.687500,3.625000,3.625000,3.273367,116000
1980-12-17,3.625000,3.718750,3.625000,3.625000,3.273367,106400
1980-12-18,3.718750,3.781250,3.718750,3.718750,3.358024,136800
1980-12-19,3.718750,3.750000,3.687500,3.687500,3.329805,160000
1980-12-22,3.687500,3.750000,3.656250,3.656250,3.301586,94400
1980-12-23,3.750000,3.812500,3.750000,3.750000,3.386242,140000
1980-12-24,3.843750,3.906250,3.843750,3.843750,3.470898,67200
1980-12-26,4.125000,4.218750,4.125000,4.125000,3.724866,94400
1980-12-29,4.156250,4.250000,4.156250,4.156250,3.753085,117600
1980-12-30,4.156250,4.218750,4.156250,4.156250,3.753085,60000
1980-12-31,4.062500,4.062500,4.000000,4.000000,3.611991,159200
1981-01-02,4.000000,4.000000,3.968750,3.968750,3.583773,102400
1981-01-05,3.875000,3.875000,3.812500,3.812500,3.442679,260000
1981-01-06,3.750000,3.750000,3.718750,3.718750,3.358024,220000
1981-01-07,3.562500,3.562500,3.500000,3.500000,3.160493,352800
1981-01-08,3.500000,3.531250,3.437500,3.437500,3.104056,48800
1981-01-09,3.468750,3.531250,3.468750,3.468750,3.132274,179200
1981-01-12,3.406250,3.406250,3.343750,3.343750,3.019399,240800
1981-01-13,3.343750,3.437500,3.343750,3.343750,3.019399,129600
1981-01-14,3.343750,3.468750,3.343750,3.343750,3.019399,120000
1981-01-15,3.343750,3.437500,3.343750,3.343750,3.019399,124000
1981-01-16,3.343750,3.406250,3.343750,3.343750,3.019399,124000
1981-01-19,3.343750,3.406250,3.343750,3.343750,3.019399,104000
1981-01-20,3.312500,3.312500,3.218750,3.218750,2.906525,102400
1981-01-21,3.187500,3.187500,3.125000,3.125000,2.821869,93600
1981-01-22,3.093750,3.093750,3.031250,3.031250,2.737213,84800
1981-01-23,3.187500,3.218750,3.187500,3.187500,2.878305,150400
1981-01-26,3.187500,3.218750,3.156250,3.156250,2.850087,84000
1981-01-27,3.156250,3.218750,3.156250,3.156250,2.850087,32000
1981-01-28,3.187500,3.250000,3.187500,3.187500,2.878305,74400
1981-01-29,3.218750,3.281250,3.218750,3.218750,2.906525,88800
1981-01-30,3.187500,3.187500,3.125000,3.125000,2.821869,144800
1981-02-02,3.000000,3.000000,2.937500,2.937500,2.652556,215200
1981-02-03,3.031250,3.093750,3.031250,3.031250,2.737213,169600
1981-02-04,3.125000,3.156250,3.125000,3.125000,2.821869,68800
1981-02-05,3.125000,3.187500,3.125000,3.125000,2.821869,69600
1981-02-06,3.125000,3.187500,3.125000,3.125000,2.821869,39200
1981-02-09,3.125000,3.187500,3.125000,3.125000,2.821869,28000
1981-02-10,3.187500,3.281250,3.187500,3.187500,2.878305,92000
1981-02-11,3.031250,3.031250,2.968750,2.968750,2.680775,186400
1981-02-12,2.875000,2.875000,2.812500,2.812500,2.539682,91200
1981-02-13,2.750000,2.750000,2.687500,2.687500,2.426807,160800
1981-02-17,2.687500,2.718750,2.625000,2.625000,2.370370,144800
1981-02-18,2.718750,2.781250,2.718750,2.718750,2.455025,96000
1981-02-19,2.687500,2.687500,2.625000,2.625000,2.370370,219200
1981-02-20,2.625000,2.656250,2.593750,2.593750,2.342151,63200
1981-02-23,2.593750,2.625000,2.593750,2.593750,2.342151,198400
1981-02-24,2.593750,2.687500,2.593750,2.593750,2.342151,416800
1981-02-25,2.593750,2.656250,2.593750,2.593750,2.342151,395200
1981-02-26,2.625000,2.687500,2.625000,2.625000,2.370370,80800
1981-02-27,2.687500,2.750000,2.687500,2.687500,2.426807,141600
1981-03-02,2.687500,2.718750,2.687500,2.687500,2.426807,50400
1981-03-03,2.687500,2.750000,2.687500,2.687500,2.426807,76800
1981-03-04,2.718750,2.781250,2.718750,2.718750,2.455025,216800
1981-03-05,2.656250,2.656250,2.593750,2.593750,2.342151,163200
1981-03-06,2.562500,2.562500,2.500000,2.500000,2.257495,74400
1981-03-09,2.500000,2.562500,2.500000,2.500000,2.257495,55200
1981-03-10,2.500000,2.531250,2.468750,2.468750,2.229276,60000
1981-03-11,2.468750,2.531250,2.468750,2.468750,2.229276,169600
1981-03-12,2.468750,2.531250,2.468750,2.468750,2.229276,52800
1981-03-13,2.531250,2.562500,2.531250,2.531250,2.285713,126400
1981-03-16,2.531250,2.593750,2.531250,2.531250,2.285713,44800
1981-03-17,2.625000,2.656250,2.625000,2.625000,2.370370,87200
1981-03-18,2.687500,2.750000,2.687500,2.687500,2.426807,129600
1981-03-19,2.687500,2.750000,2.687500,2.687500,2.426807,41600
1981-03-20,2.687500,2.750000,2.687500,2.687500,2.426807,119200
1981-03-23,2.812500,2.875000,2.812500,2.812500,2.539682,180000
1981-03-24,2.906250,3.000000,2.906250,2.906250,2.624337,84800
1981-03-25,2.937500,3.031250,2.937500,2.937500,2.652556,81600
1981-03-26,2.937500,3.031250,2.937500,2.937500,2.652556,51200
1981-03-27,2.937500,2.968750,2.906250,2.906250,2.624337,112000
1981-03-30,2.906250,2.937500,2.875000,2.875000,2.596119,38400
1981-03-31,3.000000,3.062500,3.000000,3.000000,2.708994,96000
1981-04-01,2.968750,2.968750,2.906250,2.906250,2.624337,90400
1981-04-02,2.750000,2.750000,2.687500,2.687500,2.426807,136000
1981-04-03,2.687500,2.718750,2.656250,2.656250,2.398588,66400
1981-04-06,2.593750,2.593750,2.562500,2.562500,2.313932,104800
1981-04-07,2.593750,2.656250,2.593750,2.593750,2.342151,52000
1981-04-08,2.593750,2.625000,2.562500,2.562500,2.313932,56800
1981-04-09,2.562500,2.562500,2.468750,2.468750,2.229276,124800
1981-04-10,2.468750,2.500000,2.437500,2.437500,2.201057,129600
1981-04-13,2.500000,2.531250,2.500000,2.500000,2.257495,148800
1981-04-14,2.500000,2.500000,2.468750,2.468750,2.229276,129600
1981-04-15,2.625000,2.687500,2.625000,2.625000,2.370370,139200
1981-04-16,2.750000,2.843750,2.750000,2.750000,2.483244,85600
1981-04-20,2.937500,3.000000,2.937500,2.937500,2.652556,86400
1981-04-21,2.937500,3.031250,2.937500,2.937500,2.652556,94400
1981-04-22,2.906250,2.906250,2.875000,2.875000,2.596119,307200
1981-04-23,2.906250,2.968750,2.906250,2.906250,2.624337,71200
1981-04-24,2.906250,2.968750,2.906250,2.906250,2.624337,25600
1981-04-27,3.000000,3.062500,3.000000,3.000000,2.708994,187200
1981-04-28,2.937500,2.937500,2.875000,2.875000,2.596119,120800
1981-04-29,2.875000,2.875000,2.812500,2.812500,2.539682,63200
1981-04-30,2.812500,2.843750,2.812500,2.812500,2.539682,101600
1981-05-01,2.812500,2.843750,2.781250,2.781250,2.511463,31200
1981-05-04,2.656250,2.656250,2.593750,2.593750,2.342151,106400
1981-05-05,2.593750,2.625000,2.531250,2.531250,2.285713,67200
1981-05-06,2.468750,2.468750,2.406250,2.406250,2.172838,196800
1981-05-07,2.437500,2.531250,2.437500,2.437500,2.201057,670400
1981-05-08,2.437500,2.468750,2.406250,2.406250,2.172838,183200
1981-05-11,2.406250,2.406250,2.375000,2.375000,2.144620,196800
1981-05-12,2.312500,2.312500,2.281250,2.281250,2.059964,193600
1981-05-13,2.281250,2.281250,2.218750,2.218750,2.003526,324000
1981-05-14,2.218750,2.281250,2.218750,2.218750,2.003526,247200
1981-05-15,2.312500,2.375000,2.312500,2.312500,2.088183,312000
1981-05-18,2.312500,2.343750,2.312500,2.312500,2.088183,284000
1981-05-19,2.312500,2.343750,2.281250,2.281250,2.059964,105600
1981-05-20,2.312500,2.375000,2.312500,2.312500,2.088183,159200
1981-05-21,2.375000,2.406250,2.375000,2.375000,2.144620,151200
1981-05-22,2.562500,2.593750,2.562500,2.562500,2.313932,180000
1981-05-26,2.656250,2.750000,2.656250,2.656250,2.398588,461600
1981-05-27,2.656250,2.718750,2.656250,2.656250,2.398588,132800
1981-05-28,2.656250,2.687500,2.625000,2.625000,2.370370,96000
1981-05-29,2.718750,2.812500,2.718750,2.718750,2.455025,119200
1981-06-01,2.875000,2.937500,2.875000,2.875000,2.596119,243200
1981-06-02,2.781250,2.781250,2.718750,2.718750,2.455025,171200
1981-06-03,2.656250,2.656250,2.593750,2.593750,2.342151,144000
1981-06-04,2.593750,2.656250,2.593750,2.593750,2.342151,120000
1981-06-05,2.625000,2.687500,2.625000,2.625000,2.370370,39200
1981-06-08,2.625000,2.687500,2.625000,2.625000,2.370370,84800
1981-06-09,2.625000,2.687500,2.625000,2.625000,2.370370,46400
1981-06-10,2.625000,2.656250,2.593750,2.593750,2.342151,69600
1981-06-11,2.593750,2.656250,2.593750,2.593750,2.342151,27200
1981-06-12,2.593750,2.656250,2.593750,2.593750,2.342151,66400
1981-06-15,2.625000,2.718750,2.625000,2.625000,2.370370,123200
1981-06-16,2.625000,2.687500,2.593750,2.593750,2.342151,81600
1981-06-17,2.593750,2.687500,2.593750,2.593750,2.342151,46400
1981-06-18,2.593750,2.687500,2.593750,2.593750,2.342151,154400
1981-06-19,2.593750,2.593750,2.531250,2.531250,2.285713,100800
1981-06-22,2.468750,2.468750,2.406250,2.406250,2.172838,36000
1981-06-23,2.375000,2.375000,2.312500,2.312500,2.088183,49600
1981-06-24,2.312500,2.375000,2.312500,2.312500,2.088183,24800
1981-06-25,2.343750,2.406250,2.343750,2.343750,2.116401,24800
1981-06-26,2.343750,2.375000,2.343750,2.343750,2.116401,36000
1981-06-29,2.343750,2.343750,2.312500,2.312500,2.088183,52000
1981-06-30,2.312500,2.343750,2.312500,2.312500,2.088183,11200
1981-07-01,2.343750,2.375000,2.343750,2.343750,2.116401,72000
1981-07-02,2.343750,2.343750,2.250000,2.250000,2.031745,89600
1981-07-06,2.250000,2.312500,2.218750,2.218750,2.003526,42400
1981-07-07,2.218750,2.250000,2.187500,2.187500,1.975308,52800
1981-07-08,2.187500,2.218750,2.187500,2.187500,1.975308,40800
1981-07-09,2.218750,2.250000,2.218750,2.218750,2.003526,46400
1981-07-10,2.187500,2.187500,2.156250,2.156250,1.947089,48800
1981-07-13,2.156250,2.187500,2.125000,2.125000,1.918870,65600
1981-07-14,2.062500,2.062500,2.000000,2.000000,1.805996,36800
1981-07-15,2.031250,2.062500,2.031250,2.031250,1.834215,69600
1981-07-16,2.062500,2.093750,2.062500,2.062500,1.862433,79200
1981-07-17,2.062500,2.156250,2.062500,2.062500,1.862433,24800
1981-07-20,1.937500,1.937500,1.906250,1.906250,1.721340,51200
1981-07-21,1.937500,2.000000,1.937500,1.937500,1.749558,68000
1981-07-22,1.937500,2.000000,1.937500,1.937500,1.749558,76800
1981-07-23,1.937500,1.968750,1.937500,1.937500,1.749558,101600
1981-07-24,1.968750,2.000000,1.968750,1.968750,1.777777,93600
1981-07-27,2.000000,2.062500,2.000000,2.000000,1.805996,53600
1981-07-28,2.031250,2.093750,2.031250,2.031250,1.834215,35200
1981-07-29,2.031250,2.093750,2.031250,2.031250,1.834215,24800
1981-07-30,2.062500,2.093750,2.062500,2.062500,1.862433,72000
1981-07-31,2.312500,2.375000,2.312500,2.312500,2.088183,123200
1981-08-03,2.312500,2.343750,2.281250,2.281250,2.059964,86400
1981-08-04,2.281250,2.281250,2.218750,2.218750,2.003526,45600
1981-08-05,2.218750,2.281250,2.218750,2.218750,2.003526,50400
1981-08-06,2.125000,2.125000,2.062500,2.062500,1.862433,59200
1981-08-07,2.062500,2.125000,2.031250,2.031250,1.834215,36800
1981-08-10,2.031250,2.031250,2.031250,2.031250,1.834215,0
1981-08-11,2.000000,2.000000,1.968750,1.968750,1.777777,92000
1981-08-12,1.968750,1.968750,1.937500,1.937500,1.749558,103200
1981-08-13,1.937500,1.937500,1.875000,1.875000,1.693121,108000
1981-08-14,1.875000,1.875000,1.843750,1.843750,1.664903,109600
1981-08-17,1.843750,1.906250,1.843750,1.843750,1.664903,82400
1981-08-18,1.906250,1.968750,1.906250,1.906250,1.721340,71200
1981-08-19,1.906250,1.968750,1.906250,1.906250,1.721340,41600
1981-08-20,2.000000,2.093750,2.000000,2.000000,1.805996,80800
1981-08-21,2.000000,2.000000,1.906250,1.906250,1.721340,44800
1981-08-24,1.875000,1.875000,1.812500,1.812500,1.636684,89600
1981-08-25,1.812500,1.906250,1.812500,1.812500,1.636684,81600
1981-08-26,1.750000,1.750000,1.656250,1.656250,1.495590,116800
1981-08-27,1.718750,1.781250,1.718750,1.718750,1.552028,168800
1981-08-28,1.750000,1.812500,1.750000,1.750000,1.580246,192000
1981-08-31,1.750000,1.750000,1.687500,1.687500,1.523809,100000
1981-09-01,1.687500,1.718750,1.687500,1.687500,1.523809,79200
1981-09-02,1.687500,1.718750,1.687500,1.687500,1.523809,38400
1981-09-03,1.687500,1.718750,1.656250,1.656250,1.495590,94400
1981-09-04,1.656250,1.718750,1.656250,1.656250,1.495590,56000
1981-09-08,1.656250,1.656250,1.593750,1.593750,1.439153,142400
1981-09-09,1.625000,1.687500,1.625000,1.625000,1.467372,123200
1981-09-10,1.718750,1.781250,1.718750,1.718750,1.552028,94400
1981-09-11,1.843750,1.906250,1.843750,1.843750,1.664903,74400
1981-09-14,1.843750,1.875000,1.812500,1.812500,1.636684,31200
1981-09-15,1.812500,1.875000,1.812500,1.812500,1.636684,57600
1981-09-16,1.812500,1.812500,1.781250,1.781250,1.608465,67200
1981-09-17,1.656250,1.656250,1.593750,1.593750,1.439153,224000
1981-09-18,1.625000,1.687500,1.625000,1.625000,1.467372,107200
1981-09-21,1.656250,1.718750,1.656250,1.656250,1.495590,125600
1981-09-22,1.718750,1.750000,1.718750,1.718750,1.552028,89600
1981-09-23,1.687500,1.687500,1.656250,1.656250,1.495590,161600
1981-09-24,1.656250,1.718750,1.656250,1.656250,1.495590,116800
1981-09-25,1.656250,1.656250,1.593750,1.593750,1.439153,101600
1981-09-28,1.593750,1.656250,1.593750,1.593750,1.439153,84800
1981-09-29,1.625000,1.656250,1.625000,1.625000,1.467372,64000
1981-09-30,1.625000,1.687500,1.625000,1.625000,1.467372,20800
1981-10-01,1.656250,1.718750,1.656250,1.656250,1.495590,23200
1981-10-02,1.718750,1.781250,1.718750,1.718750,1.552028,28800
1981-10-05,1.750000,1.781250,1.750000,1.750000,1.580246,45600
1981-10-06,1.750000,1.781250,1.750000,1.750000,1.580246,44800
1981-10-07,1.750000,1.812500,1.750000,1.750000,1.580246,32800
1981-10-08,1.750000,1.781250,1.718750,1.718750,1.552028,37600
1981-10-09,1.718750,1.718750,1.656250,1.656250,1.495590,103200
1981-10-12,1.656250,1.687500,1.625000,1.625000,1.467372,50400
1981-10-13,1.625000,1.687500,1.625000,1.625000,1.467372,38400
1981-10-14,1.625000,1.656250,1.625000,1.625000,1.467372,54400
1981-10-15,1.625000,1.687500,1.625000,1.625000,1.467372,82400
1981-10-16,1.656250,1.718750,1.656250,1.656250,1.495590,68800
1981-10-19,1.656250,1.718750,1.656250,1.656250,1.495590,4000
1981-10-20,1.656250,1.718750,1.656250,1.656250,1.495590,99200
1981-10-21,1.718750,1.781250,1.718750,1.718750,1.552028,104800
1981-10-22,1.718750,1.750000,1.687500,1.687500,1.523809,23200
1981-10-23,1.687500,1.687500,1.656250,1.656250,1.495590,68800
1981-10-26,1.656250,1.656250,1.593750,1.593750,1.439153,58400
1981-10-27,1.687500,1.718750,1.687500,1.687500,1.523809,71200
1981-10-28,1.687500,1.718750,1.656250,1.656250,1.495590,21600
1981-10-29,1.687500,1.750000,1.687500,1.687500,1.523809,142400
1981-10-30,1.718750,1.781250,1.718750,1.718750,1.552028,47200
1981-11-02,1.750000,1.781250,1.750000,1.750000,1.580246,100800
1981-11-03,1.750000,1.812500,1.750000,1.750000,1.580246,62400
1981-11-04,1.781250,1.812500,1.781250,1.781250,1.608465,130400
1981-11-05,1.781250,1.843750,1.781250,1.781250,1.608465,106400
1981-11-06,1.781250,1.843750,1.781250,1.781250,1.608465,38400
1981-11-09,1.781250,1.843750,1.781250,1.781250,1.608465,35200
1981-11-10,1.843750,1.875000,1.843750,1.843750,1.664903,145600
1981-11-11,1.843750,1.906250,1.843750,1.843750,1.664903,95200
1981-11-12,1.906250,1.968750,1.906250,1.906250,1.721340,108000
1981-11-13,1.906250,1.968750,1.906250,1.906250,1.721340,61600
1981-11-16,1.875000,1.875000,1.812500,1.812500,1.636684,119200
1981-11-17,1.812500,1.843750,1.781250,1.781250,1.608465,46400
1981-11-18,1.781250,1.843750,1.781250,1.781250,1.608465,75200
1981-11-19,1.781250,1.812500,1.781250,1.781250,1.608465,17600
1981-11-20,1.781250,1.812500,1.750000,1.750000,1.580246,55200
1981-11-23,1.781250,1.812500,1.781250,1.781250,1.608465,81600
1981-11-24,1.781250,1.843750,1.781250,1.781250,1.608465,85600
1981-11-25,1.781250,1.843750,1.781250,1.781250,1.608465,79200
1981-11-27,1.781250,1.812500,1.750000,1.750000,1.580246,7200
1981-11-30,1.750000,1.812500,1.750000,1.750000,1.580246,126400
1981-12-01,1.781250,1.812500,1.781250,1.781250,1.608465,116800
1981-12-02,1.781250,1.812500,1.750000,1.750000,1.580246,59200
1981-12-03,1.750000,1.812500,1.718750,1.718750,1.552028,89600
1981-12-04,1.750000,1.812500,1.750000,1.750000,1.580246,55200
1981-12-07,1.718750,1.718750,1.656250,1.656250,1.495590,76000
1981-12-08,1.656250,1.656250,1.593750,1.593750,1.439153,100000
1981-12-09,1.593750,1.656250,1.593750,1.593750,1.439153,64000
1981-12-10,1.593750,1.625000,1.593750,1.593750,1.439153,127200
1981-12-11,1.593750,1.625000,1.562500,1.562500,1.410934,160000
1981-12-14,1.562500,1.625000,1.562500,1.562500,1.410934,46400
1981-12-15,1.593750,1.625000,1.593750,1.593750,1.439153,85600
1981-12-16,1.593750,1.625000,1.593750,1.593750,1.439153,54400
1981-12-17,1.656250,1.687500,1.656250,1.656250,1.495590,172000
1981-12-18,1.656250,1.687500,1.656250,1.656250,1.495590,54400
1981-12-21,1.656250,1.718750,1.656250,1.656250,1.495590,76800
1981-12-22,1.656250,1.656250,1.625000,1.625000,1.467372,94400
1981-12-23,1.562500,1.562500,1.531250,1.531250,1.382716,140000
1981-12-24,1.562500,1.593750,1.562500,1.562500,1.410934,40000
1981-12-28,1.562500,1.593750,1.562500,1.562500,1.410934,89600
1981-12-29,1.531250,1.531250,1.468750,1.468750,1.326278,80800
1981-12-30,1.500000,1.531250,1.500000,1.500000,1.354497,167200
1981-12-31,1.531250,1.562500,1.531250,1.531250,1.382716,212000
1982-01-04,1.531250,1.593750,1.531250,1.531250,1.382716,77600
1982-01-05,1.531250,1.562500,1.500000,1.500000,1.354497,79200
1982-01-06,1.500000,1.500000,1.437500,1.437500,1.298060,64000
1982-01-07,1.437500,1.468750,1.406250,1.406250,1.269841,88800
1982-01-08,1.406250,1.468750,1.406250,1.406250,1.269841,80800
1982-01-11,1.375000,1.375000,1.312500,1.312500,1.185185,74400
1982-01-12,1.312500,1.343750,1.281250,1.281250,1.156966,95200
1982-01-13,1.312500,1.375000,1.312500,1.312500,1.185185,271200
1982-01-14,1.312500,1.375000,1.312500,1.312500,1.185185,76000
1982-01-15,1.343750,1.406250,1.343750,1.343750,1.213403,121600
1982-01-18,1.343750,1.375000,1.343750,1.343750,1.213403,238400
1982-01-19,1.375000,1.437500,1.375000,1.375000,1.241622,195200
1982-01-20,1.500000,1.531250,1.500000,1.500000,1.354497,300800
1982-01-21,1.562500,1.656250,1.562500,1.562500,1.410934,147200
1982-01-22,1.593750,1.656250,1.593750,1.593750,1.439153,55200
1982-01-25,1.593750,1.593750,1.531250,1.531250,1.382716,53600
1982-01-26,1.562500,1.593750,1.562500,1.562500,1.410934,118400
1982-01-27,1.687500,1.750000,1.687500,1.687500,1.523809,234400
1982-01-28,1.750000,1.781250,1.750000,1.750000,1.580246,291200
1982-01-29,1.750000,1.812500,1.750000,1.750000,1.580246,157600
1982-02-01,1.750000,1.781250,1.718750,1.718750,1.552028,136000
1982-02-02,1.718750,1.781250,1.718750,1.718750,1.552028,32800
1982-02-03,1.718750,1.750000,1.718750,1.718750,1.552028,27200
1982-02-04,1.812500,1.875000,1.812500,1.812500,1.636684,74400
1982-02-05,1.812500,1.875000,1.812500,1.812500,1.636684,32800
1982-02-08,1.812500,1.875000,1.812500,1.812500,1.636684,96000
1982-02-09,1.812500,1.843750,1.781250,1.781250,1.608465,135200
1982-02-10,1.812500,1.875000,1.812500,1.812500,1.636684,82400
1982-02-11,1.812500,1.843750,1.781250,1.781250,1.608465,122400
1982-02-12,1.812500,1.875000,1.812500,1.812500,1.636684,32800
1982-02-16,1.812500,1.875000,1.812500,1.812500,1.636684,16800
1982-02-17,1.812500,1.875000,1.812500,1.812500,1.636684,57600
1982-02-18,1.812500,1.875000,1.812500,1.812500,1.636684,84000
1982-02-19,1.812500,1.812500,1.750000,1.750000,1.580246,76000
1982-02-22,1.750000,1.812500,1.750000,1.750000,1.580246,67200
1982-02-23,1.750000,1.781250,1.718750,1.718750,1.552028,19200
1982-02-24,1.718750,1.781250,1.718750,1.718750,1.552028,116800
1982-02-25,1.781250,1.812500,1.781250,1.781250,1.608465,143200
1982-02-26,1.781250,1.843750,1.781250,1.781250,1.608465,18400
1982-03-01,1.781250,1.843750,1.781250,1.781250,1.608465,10400
1982-03-02,1.843750,1.875000,1.843750,1.843750,1.664903,96800
1982-03-03,1.843750,1.875000,1.843750,1.843750,1.664903,45600
1982-03-04,1.843750,1.843750,1.812500,1.812500,1.636684,51200
1982-03-05,1.812500,1.843750,1.812500,1.812500,1.636684,16000
1982-03-08,1.812500,1.812500,1.781250,1.781250,1.608465,58400
1982-03-09,1.781250,1.781250,1.718750,1.718750,1.552028,77600
1982-03-10,1.718750,1.750000,1.718750,1.718750,1.552028,50400
1982-03-11,1.718750,1.718750,1.625000,1.625000,1.467372,110400
1982-03-12,1.625000,1.625000,1.562500,1.562500,1.410934,105600
1982-03-15,1.625000,1.687500,1.625000,1.625000,1.467372,67200
1982-03-16,1.687500,1.750000,1.687500,1.687500,1.523809,66400
1982-03-17,1.781250,1.843750,1.781250,1.781250,1.608465,62400
1982-03-18,1.781250,1.843750,1.781250,1.781250,1.608465,31200
1982-03-19,1.781250,1.812500,1.781250,1.781250,1.608465,33600
1982-03-22,1.843750,1.875000,1.843750,1.843750,1.664903,63200
1982-03-23,1.875000,1.937500,1.875000,1.875000,1.693121,44800
1982-03-24,1.875000,1.875000,1.843750,1.843750,1.664903,36800
1982-03-25,1.843750,1.875000,1.843750,1.843750,1.664903,26400
1982-03-26,1.843750,1.875000,1.843750,1.843750,1.664903,19200
1982-03-29,1.843750,1.875000,1.812500,1.812500,1.636684,141600
1982-03-30,1.812500,1.875000,1.812500,1.812500,1.636684,7200
1982-03-31,1.843750,1.906250,1.843750,1.843750,1.664903,62400
1982-04-01,1.968750,2.000000,1.968750,1.968750,1.777777,200800
1982-04-02,2.031250,2.062500,2.031250,2.031250,1.834215,122400
1982-04-05,2.031250,2.031250,2.000000,2.000000,1.805996,52800
1982-04-06,2.000000,2.031250,1.968750,1.968750,1.777777,75200
1982-04-07,2.031250,2.062500,2.031250,2.031250,1.834215,29600
1982-04-08,2.125000,2.171875,2.125000,2.125000,1.918870,99200
1982-04-12,2.125000,2.156250,2.093750,2.093750,1.890652,80000
1982-04-13,2.093750,2.140625,2.078125,2.078125,1.876543,26400
1982-04-14,2.078125,2.093750,2.062500,2.062500,1.862433,48800
1982-04-15,2.093750,2.156250,2.093750,2.093750,1.890652,108000
1982-04-16,2.125000,2.187500,2.125000,2.125000,1.918870,151200
1982-04-19,2.156250,2.187500,2.156250,2.156250,1.947089,123200
1982-04-20,2.250000,2.281250,2.250000,2.250000,2.031745,315200
1982-04-21,2.250000,2.281250,2.250000,2.250000,2.031745,298400
1982-04-22,2.281250,2.312500,2.281250,2.281250,2.059964,203200
1982-04-23,2.281250,2.312500,2.281250,2.281250,2.059964,37600
1982-04-26,2.281250,2.312500,2.250000,2.250000,2.031745,83200
1982-04-27,2.250000,2.281250,2.218750,2.218750,2.003526,69600
1982-04-28,2.218750,2.265625,2.218750,2.218750,2.003526,16000
1982-04-29,2.218750,2.218750,2.187500,2.187500,1.975308,105600
1982-04-30,2.187500,2.218750,2.156250,2.156250,1.947089,29600
1982-05-03,2.156250,2.218750,2.156250,2.156250,1.947089,85600
1982-05-04,2.187500,2.250000,2.187500,2.187500,1.975308,41600
1982-05-05,2.312500,2.375000,2.312500,2.312500,2.088183,215200
1982-05-06,2.312500,2.375000,2.312500,2.312500,2.088183,88000
1982-05-07,2.343750,2.406250,2.343750,2.343750,2.116401,122400
1982-05-10,2.343750,2.375000,2.312500,2.312500,2.088183,54400
1982-05-11,2.343750,2.406250,2.343750,2.343750,2.116401,126400
1982-05-12,2.437500,2.468750,2.437500,2.437500,2.201057,206400
1982-05-13,2.437500,2.468750,2.406250,2.406250,2.172838,118400
1982-05-14,2.406250,2.406250,2.375000,2.375000,2.144620,131200
1982-05-17,2.375000,2.375000,2.343750,2.343750,2.116401,79200
1982-05-18,2.343750,2.375000,2.343750,2.343750,2.116401,102400
1982-05-19,2.328125,2.328125,2.281250,2.281250,2.059964,119200
1982-05-20,2.281250,2.296875,2.250000,2.250000,2.031745,44000
1982-05-21,2.250000,2.296875,2.250000,2.250000,2.031745,9600
1982-05-24,2.250000,2.281250,2.234375,2.234375,2.017636,160000
1982-05-25,2.250000,2.312500,2.250000,2.250000,2.031745,36000
1982-05-26,2.250000,2.281250,2.250000,2.250000,2.031745,44000
1982-05-27,2.250000,2.296875,2.250000,2.250000,2.031745,32000
1982-05-28,2.250000,2.296875,2.250000,2.250000,2.031745,12800
1982-06-01,2.265625,2.296875,2.265625,2.265625,2.045855,11200
1982-06-02,2.265625,2.281250,2.250000,2.250000,2.031745,56000
1982-06-03,2.250000,2.281250,2.250000,2.250000,2.031745,104000
1982-06-04,2.218750,2.218750,2.156250,2.156250,1.947089,53600
1982-06-07,2.156250,2.187500,2.156250,2.156250,1.947089,12000
1982-06-08,2.156250,2.156250,2.125000,2.125000,1.918870,93600
1982-06-09,2.125000,2.140625,2.093750,2.093750,1.890652,96800
1982-06-10,2.125000,2.156250,2.125000,2.125000,1.918870,44800
1982-06-11,2.187500,2.218750,2.187500,2.187500,1.975308,25600
1982-06-14,2.187500,2.218750,2.187500,2.187500,1.975308,9600
1982-06-15,2.187500,2.218750,2.187500,2.187500,1.975308,15200
1982-06-16,2.187500,2.218750,2.187500,2.187500,1.975308,8800
1982-06-17,2.218750,2.250000,2.218750,2.218750,2.003526,28000
1982-06-18,2.218750,2.218750,2.187500,2.187500,1.975308,40800
1982-06-21,2.218750,2.250000,2.218750,2.218750,2.003526,63200
1982-06-22,2.218750,2.250000,2.218750,2.218750,2.003526,3200
1982-06-23,2.218750,2.250000,2.218750,2.218750,2.003526,63200
1982-06-24,2.218750,2.250000,2.203125,2.203125,1.989418,42400
1982-06-25,2.218750,2.250000,2.218750,2.218750,2.003526,42400
1982-06-28,2.218750,2.250000,2.218750,2.218750,2.003526,33600
1982-06-29,2.218750,2.250000,2.203125,2.203125,1.989418,1600
1982-06-30,2.218750,2.281250,2.218750,2.218750,2.003526,64800
1982-07-01,2.265625,2.312500,2.265625,2.265625,2.045855,88800
1982-07-02,2.265625,2.312500,2.250000,2.250000,2.031745,30400
1982-07-06,2.281250,2.312500,2.281250,2.281250,2.059964,54400
1982-07-07,2.281250,2.312500,2.281250,2.281250,2.059964,48800
1982-07-08,2.281250,2.281250,2.250000,2.250000,2.031745,36000
1982-07-09,2.265625,2.296875,2.265625,2.265625,2.045855,68000
1982-07-12,2.312500,2.343750,2.312500,2.312500,2.088183,198400
1982-07-13,2.500000,2.531250,2.500000,2.500000,2.257495,286400
1982-07-14,2.500000,2.531250,2.500000,2.500000,2.257495,122400
1982-07-15,2.500000,2.531250,2.500000,2.500000,2.257495,160800
1982-07-16,2.531250,2.562500,2.531250,2.531250,2.285713,175200
1982-07-19,2.531250,2.531250,2.500000,2.500000,2.257495,39200
1982-07-20,2.500000,2.531250,2.500000,2.500000,2.257495,110400
1982-07-21,2.531250,2.562500,2.531250,2.531250,2.285713,144800
1982-07-22,2.531250,2.562500,2.531250,2.531250,2.285713,186400
1982-07-23,2.625000,2.656250,2.625000,2.625000,2.370370,133600
1982-07-26,2.625000,2.656250,2.625000,2.625000,2.370370,88000
1982-07-27,2.625000,2.656250,2.625000,2.625000,2.370370,55200
1982-07-28,2.593750,2.593750,2.531250,2.531250,2.285713,109600
1982-07-29,2.531250,2.546875,2.500000,2.500000,2.257495,56800
1982-07-30,2.500000,2.531250,2.500000,2.500000,2.257495,74400
1982-08-02,2.515625,2.531250,2.515625,2.515625,2.271604,44800
1982-08-03,2.515625,2.546875,2.500000,2.500000,2.257495,109600
1982-08-04,2.468750,2.468750,2.437500,2.437500,2.201057,107200
1982-08-05,2.437500,2.437500,2.406250,2.406250,2.172838,61600
1982-08-06,2.437500,2.500000,2.437500,2.437500,2.201057,87200
1982-08-09,2.437500,2.484375,2.437500,2.437500,2.201057,36000
1982-08-10,2.437500,2.468750,2.437500,2.437500,2.201057,40000
1982-08-11,2.437500,2.468750,2.437500,2.437500,2.201057,52800
1982-08-12,2.437500,2.468750,2.437500,2.437500,2.201057,76800
1982-08-13,2.437500,2.468750,2.437500,2.437500,2.201057,43200
1982-08-16,2.437500,2.468750,2.437500,2.437500,2.201057,100800
1982-08-17,2.500000,2.531250,2.500000,2.500000,2.257495,68800
1982-08-18,2.546875,2.578125,2.546875,2.546875,2.299823,134400
1982-08-19,2.546875,2.578125,2.546875,2.546875,2.299823,124800
1982-08-20,2.500000,2.500000,2.437500,2.437500,2.201057,124800
1982-08-23,2.593750,2.625000,2.593750,2.593750,2.342151,168800
1982-08-24,2.687500,2.718750,2.687500,2.687500,2.426807,179200
1982-08-25,2.906250,2.937500,2.906250,2.906250,2.624337,278400
1982-08-26,2.937500,3.000000,2.937500,2.937500,2.652556,225600
1982-08-27,2.843750,2.843750,2.781250,2.781250,2.511463,178400
1982-08-30,2.875000,2.921875,2.875000,2.875000,2.596119,190400
1982-08-31,2.890625,2.906250,2.890625,2.890625,2.610229,58400
1982-09-01,2.890625,2.906250,2.875000,2.875000,2.596119,39200
1982-09-02,2.906250,2.937500,2.906250,2.906250,2.624337,114400
1982-09-03,2.906250,2.921875,2.906250,2.906250,2.624337,564800
1982-09-07,2.875000,2.875000,2.812500,2.812500,2.539682,276000
1982-09-08,2.812500,2.875000,2.812500,2.812500,2.539682,36000
1982-09-09,2.812500,2.843750,2.812500,2.812500,2.539682,92000
1982-09-10,2.687500,2.687500,2.656250,2.656250,2.398588,242400
1982-09-13,2.687500,2.750000,2.687500,2.687500,2.426807,32800
1982-09-14,2.781250,2.812500,2.781250,2.781250,2.511463,169600
1982-09-15,2.812500,2.875000,2.812500,2.812500,2.539682,111200
1982-09-16,2.843750,2.875000,2.843750,2.843750,2.567900,75200
1982-09-17,2.812500,2.812500,2.781250,2.781250,2.511463,111200
1982-09-20,2.765625,2.765625,2.718750,2.718750,2.455025,38400
1982-09-21,2.718750,2.750000,2.687500,2.687500,2.426807,69600
1982-09-22,2.734375,2.781250,2.734375,2.734375,2.469135,160000
1982-09-23,2.734375,2.750000,2.718750,2.718750,2.455025,30400
1982-09-24,2.687500,2.687500,2.656250,2.656250,2.398588,57600
1982-09-27,2.593750,2.593750,2.562500,2.562500,2.313932,103200
1982-09-28,2.562500,2.562500,2.500000,2.500000,2.257495,143200
1982-09-29,2.468750,2.468750,2.437500,2.437500,2.201057,124000
1982-09-30,2.437500,2.468750,2.437500,2.437500,2.201057,46400
1982-10-01,2.437500,2.468750,2.437500,2.437500,2.201057,72000
1982-10-04,2.437500,2.437500,2.406250,2.406250,2.172838,192800
1982-10-05,2.406250,2.406250,2.375000,2.375000,2.144620,98400
1982-10-06,2.406250,2.437500,2.406250,2.406250,2.172838,256800
1982-10-07,2.562500,2.593750,2.562500,2.562500,2.313932,323200
1982-10-08,2.656250,2.687500,2.656250,2.656250,2.398588,248000
1982-10-11,2.718750,2.750000,2.718750,2.718750,2.455025,166400
1982-10-12,2.718750,2.750000,2.718750,2.718750,2.455025,236800
1982-10-13,2.718750,2.750000,2.718750,2.718750,2.455025,109600
1982-10-14,2.718750,2.765625,2.718750,2.718750,2.455025,140000
1982-10-15,2.718750,2.718750,2.687500,2.687500,2.426807,180000
1982-10-18,2.812500,2.843750,2.812500,2.812500,2.539682,152800
1982-10-19,2.843750,2.906250,2.843750,2.843750,2.567900,235200
1982-10-20,3.062500,3.125000,3.062500,3.062500,2.765431,292000
1982-10-21,3.062500,3.093750,3.062500,3.062500,2.765431,145600
1982-10-22,3.109375,3.125000,3.109375,3.109375,2.807759,199200
1982-10-25,2.937500,2.937500,2.906250,2.906250,2.624337,672800
1982-10-26,2.906250,2.906250,2.875000,2.875000,2.596119,217600
1982-10-27,2.781250,2.781250,2.750000,2.750000,2.483244,244800
1982-10-28,2.718750,2.718750,2.687500,2.687500,2.426807,44000
1982-10-29,2.625000,2.625000,2.593750,2.593750,2.342151,280800
1982-11-01,2.593750,2.625000,2.593750,2.593750,2.342151,185600
1982-11-02,2.656250,2.687500,2.656250,2.656250,2.398588,297600
1982-11-03,2.843750,2.875000,2.843750,2.843750,2.567900,507200
1982-11-04,2.937500,2.968750,2.937500,2.937500,2.652556,497600
1982-11-05,2.968750,3.000000,2.968750,2.968750,2.680775,132800
1982-11-08,2.968750,3.000000,2.953125,2.953125,2.666666,264000
1982-11-09,3.000000,3.062500,3.000000,3.000000,2.708994,188800
1982-11-10,3.000000,3.031250,3.000000,3.000000,2.708994,264000
1982-11-11,3.000000,3.000000,2.937500,2.937500,2.652556,160800
1982-11-12,3.031250,3.062500,3.031250,3.031250,2.737213,124000
1982-11-15,3.000000,3.000000,2.968750,2.968750,2.680775,76000
1982-11-16,2.953125,2.953125,2.906250,2.906250,2.624337,136000
1982-11-17,2.937500,3.000000,2.937500,2.937500,2.652556,40800
1982-11-18,2.968750,2.984375,2.968750,2.968750,2.680775,32000
1982-11-19,2.968750,3.015625,2.968750,2.968750,2.680775,68800
1982-11-22,2.968750,3.015625,2.968750,2.968750,2.680775,73600
1982-11-23,2.968750,3.000000,2.968750,2.968750,2.680775,115200
1982-11-24,3.000000,3.046875,3.000000,3.000000,2.708994,354400
1982-11-26,3.046875,3.093750,3.046875,3.046875,2.751322,48000
1982-11-29,3.031250,3.031250,3.000000,3.000000,2.708994,58400
1982-11-30,3.031250,3.062500,3.031250,3.031250,2.737213,116800
1982-12-01,3.156250,3.218750,3.156250,3.156250,2.850087,118400
1982-12-02,3.156250,3.156250,3.140625,3.140625,2.835977,53600
1982-12-03,3.140625,3.171875,3.140625,3.140625,2.835977,35200
1982-12-06,3.343750,3.375000,3.343750,3.343750,3.019399,414400
1982-12-07,3.375000,3.406250,3.375000,3.375000,3.047618,95200
1982-12-08,3.375000,3.437500,3.375000,3.375000,3.047618,149600
1982-12-09,3.375000,3.406250,3.375000,3.375000,3.047618,127200
1982-12-10,3.375000,3.375000,3.312500,3.312500,2.991181,197600
1982-12-13,3.312500,3.343750,3.312500,3.312500,2.991181,142400
1982-12-14,3.312500,3.343750,3.312500,3.312500,2.991181,131200
1982-12-15,3.093750,3.093750,3.062500,3.062500,2.765431,284800
1982-12-16,3.062500,3.093750,3.062500,3.062500,2.765431,156800
1982-12-17,3.062500,3.093750,3.062500,3.062500,2.765431,73600
1982-12-20,3.062500,3.093750,3.062500,3.062500,2.765431,142400
1982-12-21,3.062500,3.093750,3.062500,3.062500,2.765431,379200
1982-12-22,3.062500,3.078125,3.062500,3.062500,2.765431,24000
1982-12-23,3.062500,3.093750,3.062500,3.062500,2.765431,72800
1982-12-27,3.062500,3.093750,3.062500,3.062500,2.765431,81600
1982-12-28,3.062500,3.093750,3.062500,3.062500,2.765431,107200
1982-12-29,3.062500,3.078125,3.062500,3.062500,2.765431,32000
1982-12-30,3.062500,3.078125,3.062500,3.062500,2.765431,22400
1982-12-31,3.062500,3.062500,3.031250,3.031250,2.737213,64800
1983-01-03,3.062500,3.093750,3.062500,3.062500,2.765431,106400
1983-01-04,3.062500,3.093750,3.062500,3.062500,2.765431,176800
1983-01-05,3.062500,3.093750,3.062500,3.062500,2.765431,50400
1983-01-06,3.062500,3.093750,3.062500,3.062500,2.765431,91200
1983-01-07,3.062500,3.093750,3.062500,3.062500,2.765431,49600
1983-01-10,3.062500,3.093750,3.062500,3.062500,2.765431,96800
1983-01-11,3.093750,3.125000,3.093750,3.093750,2.793649,134400
1983-01-12,3.500000,3.531250,3.500000,3.500000,3.160493,656000
1983-01-13,3.453125,3.453125,3.437500,3.437500,3.104056,390400
1983-01-14,3.500000,3.562500,3.500000,3.500000,3.160493,660800
1983-01-17,3.687500,3.718750,3.687500,3.687500,3.329805,594400
1983-01-18,3.687500,3.718750,3.687500,3.687500,3.329805,460800
1983-01-19,3.687500,3.718750,3.687500,3.687500,3.329805,140000
1983-01-20,3.687500,3.718750,3.687500,3.687500,3.329805,414400
1983-01-21,3.656250,3.656250,3.593750,3.593750,3.245148,300000
1983-01-24,3.437500,3.437500,3.406250,3.406250,3.075836,373600
1983-01-25,3.484375,3.531250,3.484375,3.484375,3.146383,112800
1983-01-26,3.625000,3.671875,3.625000,3.625000,3.273367,124800
1983-01-27,3.750000,3.812500,3.750000,3.750000,3.386242,392000
1983-01-28,3.656250,3.656250,3.625000,3.625000,3.273367,167200
1983-01-31,3.656250,3.718750,3.656250,3.656250,3.301586,208800
1983-02-01,3.671875,3.703125,3.671875,3.671875,3.315696,92000
1983-02-02,3.671875,3.687500,3.671875,3.671875,3.315696,32000
1983-02-03,3.671875,3.687500,3.656250,3.656250,3.301586,52800
1983-02-04,3.671875,3.687500,3.671875,3.671875,3.315696,79200
1983-02-07,3.671875,3.687500,3.671875,3.671875,3.315696,474400
1983-02-08,3.718750,3.750000,3.718750,3.718750,3.358024,335200
1983-02-09,3.750000,3.781250,3.750000,3.750000,3.386242,264800
1983-02-10,4.000000,4.031250,4.000000,4.000000,3.611991,456000
1983-02-11,4.000000,4.031250,4.000000,4.000000,3.611991,158400
1983-02-14,4.031250,4.062500,4.031250,4.031250,3.640210,81600
1983-02-15,4.093750,4.156250,4.093750,4.093750,3.696648,132000
1983-02-16,4.125000,4.156250,4.125000,4.125000,3.724866,139200
1983-02-17,4.156250,4.187500,4.156250,4.156250,3.753085,163200
1983-02-18,4.250000,4.312500,4.250000,4.250000,3.837741,479200
1983-02-22,4.062500,4.062500,4.015625,4.015625,3.626101,205600
1983-02-23,4.015625,4.031250,4.000000,4.000000,3.611991,77600
1983-02-24,4.265625,4.312500,4.265625,4.265625,3.851849,90400
1983-02-25,4.281250,4.343750,4.281250,4.281250,3.865959,197600
1983-02-28,4.250000,4.250000,4.218750,4.218750,3.809522,135200
1983-03-01,4.218750,4.218750,4.156250,4.156250,3.753085,149600
1983-03-02,4.187500,4.218750,4.187500,4.187500,3.781303,172000
1983-03-03,4.187500,4.187500,4.156250,4.156250,3.753085,155200
1983-03-04,4.156250,4.187500,4.125000,4.125000,3.724866,40800
1983-03-07,4.125000,4.125000,4.093750,4.093750,3.696648,60000
1983-03-08,4.093750,4.125000,4.093750,4.093750,3.696648,205600
1983-03-09,4.093750,4.125000,4.093750,4.093750,3.696648,196000
1983-03-10,4.281250,4.312500,4.281250,4.281250,3.865959,227200
1983-03-11,4.656250,4.687500,4.656250,4.656250,4.204584,360800
1983-03-14,4.531250,4.531250,4.484375,4.484375,4.084469,785600
1983-03-15,4.484375,4.500000,4.484375,4.484375,4.084469,132000
1983-03-16,4.500000,4.531250,4.500000,4.500000,4.098701,247200
1983-03-17,4.531250,4.593750,4.531250,4.531250,4.127163,104000
1983-03-18,4.562500,4.625000,4.562500,4.562500,4.155626,85600
1983-03-21,4.593750,4.656250,4.593750,4.593750,4.184091,38400
1983-03-22,4.625000,4.687500,4.625000,4.625000,4.212553,42400
1983-03-23,4.812500,4.843750,4.812500,4.812500,4.383332,62400
1983-03-24,4.843750,4.906250,4.843750,4.843750,4.411796,244800
1983-03-25,4.843750,4.906250,4.843750,4.843750,4.411796,177600
1983-03-28,4.656250,4.656250,4.593750,4.593750,4.184091,236000
1983-03-29,4.593750,4.625000,4.562500,4.562500,4.155626,92000
1983-03-30,4.562500,4.593750,4.546875,4.546875,4.141396,111200
1983-03-31,4.312500,4.312500,4.281250,4.281250,3.899459,239200
1983-04-04,4.281250,4.312500,4.250000,4.250000,3.870995,157600
1983-04-05,4.156250,4.156250,4.125000,4.125000,3.757142,275200
1983-04-06,4.093750,4.093750,4.062500,4.062500,3.700216,190400
1983-04-07,4.125000,4.156250,4.125000,4.125000,3.757142,69600
1983-04-08,4.125000,4.156250,4.125000,4.125000,3.757142,62400
1983-04-11,4.125000,4.187500,4.125000,4.125000,3.757142,12800
1983-04-12,4.281250,4.312500,4.281250,4.281250,3.899459,44000
1983-04-13,4.281250,4.312500,4.281250,4.281250,3.899459,35200
1983-04-14,4.281250,4.343750,4.281250,4.281250,3.899459,198400
1983-04-15,4.312500,4.343750,4.312500,4.312500,3.927921,92800
1983-04-18,4.312500,4.375000,4.312500,4.312500,3.927921,69600
1983-04-19,4.375000,4.406250,4.375000,4.375000,3.984849,100000
1983-04-20,4.468750,4.500000,4.468750,4.468750,4.070238,94400
1983-04-21,4.468750,4.515625,4.468750,4.468750,4.070238,56000
1983-04-22,4.437500,4.437500,4.406250,4.406250,4.013311,78400
1983-04-25,4.406250,4.406250,4.375000,4.375000,3.984849,180800
1983-04-26,4.375000,4.375000,4.343750,4.343750,3.956384,28800
1983-04-27,4.375000,4.406250,4.375000,4.375000,3.984849,126400
1983-04-28,4.343750,4.343750,4.281250,4.281250,3.899459,165600
1983-04-29,4.281250,4.281250,4.218750,4.218750,3.842531,69600
1983-05-02,4.156250,4.156250,4.093750,4.093750,3.728680,111200
1983-05-03,4.093750,4.125000,4.093750,4.093750,3.728680,83200
1983-05-04,4.375000,4.406250,4.375000,4.375000,3.984849,192000
1983-05-05,4.468750,4.500000,4.468750,4.468750,4.070238,77600
1983-05-06,4.781250,4.812500,4.781250,4.781250,4.354870,181600
1983-05-09,4.828125,4.875000,4.828125,4.828125,4.397564,252800
1983-05-10,4.687500,4.687500,4.625000,4.625000,4.212553,203200
1983-05-11,4.468750,4.468750,4.437500,4.437500,4.041773,164000
1983-05-12,4.312500,4.312500,4.296875,4.296875,3.913690,163200
1983-05-13,4.343750,4.375000,4.343750,4.343750,3.956384,132800
1983-05-16,4.281250,4.281250,4.218750,4.218750,3.842531,163200
1983-05-17,4.375000,4.437500,4.375000,4.375000,3.984849,277600
1983-05-18,4.531250,4.562500,4.531250,4.531250,4.127163,132000
1983-05-19,4.578125,4.625000,4.578125,4.578125,4.169859,72000
1983-05-20,4.671875,4.687500,4.671875,4.671875,4.255248,94400
1983-05-23,4.875000,4.875000,4.812500,4.812500,4.383332,128400
1983-05-24,5.125000,5.187500,5.125000,5.125000,4.667965,386800
1983-05-25,5.125000,5.125000,5.062500,5.062500,4.611038,66000
1983-05-26,5.062500,5.062500,5.000000,5.000000,4.554112,48800
1983-05-27,5.000000,5.000000,4.937500,4.937500,4.497185,72400
1983-05-31,4.875000,4.875000,4.781250,4.781250,4.354870,107600
1983-06-01,4.781250,4.812500,4.718750,4.718750,4.297943,76000
1983-06-02,4.718750,4.812500,4.718750,4.718750,4.297943,19200
1983-06-03,4.875000,4.937500,4.875000,4.875000,4.440260,74400
1983-06-06,5.312500,5.375000,5.312500,5.312500,4.838744,145600
1983-06-07,5.375000,5.437500,5.375000,5.375000,4.895670,253200
1983-06-08,5.375000,5.406250,5.343750,5.343750,4.867208,50800
1983-06-09,5.343750,5.406250,5.343750,5.343750,4.867208,76000
1983-06-10,5.500000,5.562500,5.500000,5.500000,5.009523,144400
1983-06-13,6.031250,6.093750,6.031250,6.031250,5.493397,135600
1983-06-14,5.906250,5.906250,5.843750,5.843750,5.322618,126400
1983-06-15,5.687500,5.687500,5.656250,5.656250,5.151839,128800
1983-06-16,5.750000,5.812500,5.750000,5.750000,5.237229,160000
1983-06-17,6.281250,6.343750,6.281250,6.281250,5.721101,222800
1983-06-20,6.187500,6.187500,6.125000,6.125000,5.578787,119200
1983-06-21,6.125000,6.125000,6.062500,6.062500,5.521861,216800
1983-06-22,6.062500,6.093750,6.062500,6.062500,5.521861,150400
1983-06-23,6.000000,6.000000,5.937500,5.937500,5.408008,55200
1983-06-24,6.500000,6.562500,6.500000,6.500000,5.920345,227200
1983-06-27,6.343750,6.343750,6.281250,6.281250,5.721101,306400
1983-06-28,6.093750,6.093750,6.062500,6.062500,5.521861,160400
1983-06-29,6.093750,6.156250,6.093750,6.093750,5.550323,111200
1983-06-30,6.625000,6.656250,6.625000,6.625000,6.034199,132000
1983-07-01,6.687500,6.781250,6.687500,6.687500,6.109569,50400
1983-07-05,6.750000,6.781250,6.750000,6.750000,6.166668,85200
1983-07-06,6.750000,6.812500,6.750000,6.750000,6.166668,271200
1983-07-07,6.812500,6.843750,6.812500,6.812500,6.223766,123600
1983-07-08,6.812500,6.843750,6.812500,6.812500,6.223766,77200
1983-07-11,6.937500,7.031250,6.937500,6.937500,6.337965,97600
1983-07-12,6.937500,6.968750,6.875000,6.875000,6.280864,216000
1983-07-13,6.843750,6.843750,6.812500,6.812500,6.223766,97200
1983-07-14,6.812500,6.843750,6.812500,6.812500,6.223766,88000
1983-07-15,6.812500,6.812500,6.750000,6.750000,6.166668,161600
1983-07-18,6.656250,6.656250,6.593750,6.593750,6.023921,134800
1983-07-19,6.875000,6.906250,6.875000,6.875000,6.280864,266000
1983-07-20,7.500000,7.531250,7.500000,7.500000,6.851852,240800
1983-07-21,8.062500,8.125000,8.062500,8.062500,7.365742,360800
1983-07-22,8.687500,8.750000,8.687500,8.687500,7.936729,333200
1983-07-25,8.468750,8.468750,8.437500,8.437500,7.708333,221600
1983-07-26,8.187500,8.187500,8.156250,8.156250,7.451391,130800
1983-07-27,7.531250,7.531250,7.500000,7.500000,6.851852,203600
1983-07-28,7.500000,7.500000,7.500000,7.500000,6.851852,0
1983-07-29,7.437500,7.437500,7.406250,7.406250,6.766205,88000
1983-08-01,7.531250,7.562500,7.531250,7.531250,6.880402,119600
1983-08-02,7.750000,7.812500,7.750000,7.750000,7.080248,124800
1983-08-03,7.531250,7.531250,7.437500,7.437500,6.794754,182400
1983-08-04,7.406250,7.406250,7.343750,7.343750,6.709105,357200
1983-08-05,7.343750,7.375000,7.312500,7.312500,6.680556,114400
1983-08-08,7.312500,7.312500,7.250000,7.250000,6.623457,90400
1983-08-09,7.250000,7.250000,7.156250,7.156250,6.537810,82800
1983-08-10,7.156250,7.187500,7.125000,7.125000,6.509260,185200
1983-08-11,7.156250,7.187500,7.156250,7.156250,6.537810,46800
1983-08-12,7.156250,7.187500,7.156250,7.156250,6.537810,75600
1983-08-15,7.156250,7.250000,7.156250,7.156250,6.537810,61600
1983-08-16,6.843750,6.843750,6.781250,6.781250,6.195218,176400
1983-08-17,6.781250,6.781250,6.718750,6.718750,6.138117,51600
1983-08-18,6.437500,6.437500,6.375000,6.375000,5.824075,166000
1983-08-19,6.468750,6.500000,6.468750,6.468750,5.909724,105200
1983-08-22,6.500000,6.562500,6.500000,6.500000,5.938272,69600
1983-08-23,6.500000,6.531250,6.437500,6.437500,5.881174,128800
1983-08-24,6.406250,6.406250,6.343750,6.343750,5.795525,29200
1983-08-25,6.343750,6.437500,6.343750,6.343750,5.795525,30000
1983-08-26,6.375000,6.437500,6.375000,6.375000,5.824075,28800
1983-08-29,6.218750,6.218750,6.156250,6.156250,5.624230,109200
1983-08-30,6.156250,6.187500,6.125000,6.125000,5.595679,62800
1983-08-31,6.687500,6.750000,6.687500,6.687500,6.109569,358800
1983-09-01,6.687500,6.750000,6.687500,6.687500,6.109569,223200
1983-09-02,7.250000,7.281250,7.250000,7.250000,6.623457,100000
1983-09-06,7.500000,7.593750,7.500000,7.500000,6.851852,128800
1983-09-07,7.625000,7.687500,7.625000,7.625000,6.966050,158400
1983-09-08,7.625000,7.625000,7.562500,7.562500,6.908950,179200
1983-09-09,7.375000,7.375000,7.312500,7.312500,6.680556,129200
1983-09-12,7.218750,7.218750,7.125000,7.125000,6.509260,125200
1983-09-13,6.781250,6.781250,6.718750,6.718750,6.138117,56000
1983-09-14,6.781250,6.875000,6.781250,6.781250,6.195218,23600
1983-09-15,6.906250,6.968750,6.906250,6.906250,6.309414,64000
1983-09-16,7.000000,7.062500,7.000000,7.000000,6.395062,37200
1983-09-19,7.093750,7.156250,7.093750,7.093750,6.480711,73200
1983-09-20,7.125000,7.156250,7.125000,7.125000,6.509260,60000
1983-09-21,7.125000,7.125000,7.031250,7.031250,6.423613,56000
1983-09-22,7.125000,7.156250,7.125000,7.125000,6.509260,88400
1983-09-23,7.093750,7.093750,7.062500,7.062500,6.452161,26800
1983-09-26,7.062500,7.125000,7.062500,7.062500,6.452161,72800
1983-09-27,6.968750,6.968750,6.906250,6.906250,6.327333,51600
1983-09-28,6.656250,6.656250,6.562500,6.562500,6.012397,76000
1983-09-29,6.531250,6.531250,6.437500,6.437500,5.897875,35600
1983-09-30,6.343750,6.343750,6.312500,6.312500,5.783354,96000
1983-10-03,6.312500,6.375000,6.312500,6.312500,5.783354,54000
1983-10-04,6.312500,6.375000,6.312500,6.312500,5.783354,117200
1983-10-05,6.343750,6.406250,6.343750,6.343750,5.811984,126400
1983-10-06,6.375000,6.406250,6.375000,6.375000,5.840615,152000
1983-10-07,6.843750,6.906250,6.843750,6.843750,6.270072,319600
1983-10-10,6.937500,6.968750,6.937500,6.937500,6.355964,90400
1983-10-11,6.937500,6.937500,6.875000,6.875000,6.298701,41200
1983-10-12,6.687500,6.687500,6.625000,6.625000,6.069658,120800
1983-10-13,6.468750,6.468750,6.406250,6.406250,5.869245,65600
1983-10-14,6.593750,6.687500,6.593750,6.593750,6.041028,180400
1983-10-17,6.593750,6.625000,6.562500,6.562500,6.012397,41200
1983-10-18,6.562500,6.625000,5.562500,5.625000,5.153485,75600
1983-10-19,5.656250,6.000000,5.656250,5.875000,5.382528,232000
1983-10-20,5.875000,5.937500,5.812500,5.875000,5.382528,34400
1983-10-21,5.875000,6.093750,5.781250,5.843750,5.353897,116400
1983-10-24,5.843750,5.875000,5.687500,5.875000,5.382528,43600
1983-10-25,5.875000,6.000000,5.843750,5.875000,5.382528,222400
1983-10-26,5.875000,5.906250,5.812500,5.875000,5.382528,27600
1983-10-27,5.875000,5.937500,5.781250,5.843750,5.353897,721200
1983-10-28,5.875000,6.000000,5.875000,5.937500,5.439789,179600
1983-10-31,5.937500,6.062500,5.937500,6.000000,5.497049,59200
1983-11-01,6.000000,6.031250,5.968750,6.031250,5.525681,75600
1983-11-02,6.093750,6.375000,6.093750,6.281250,5.754724,106400
1983-11-03,6.281250,6.343750,6.031250,6.031250,5.525681,170000
1983-11-04,6.031250,6.062500,6.000000,6.062500,5.554310,67200
1983-11-07,6.062500,6.156250,6.031250,6.093750,5.582941,18000
1983-11-08,6.093750,6.218750,6.093750,6.187500,5.668832,156800
1983-11-09,6.187500,6.187500,6.125000,6.156250,5.640201,130400
1983-11-10,6.187500,6.281250,6.187500,6.281250,5.754724,30400
1983-11-11,6.281250,6.281250,6.218750,6.250000,5.726093,112400
1983-11-14,6.250000,6.437500,6.250000,6.312500,5.783354,216800
1983-11-15,6.312500,6.375000,6.218750,6.218750,5.697462,122000
1983-11-16,6.218750,6.312500,6.218750,6.312500,5.783354,120000
1983-11-17,6.312500,6.500000,6.312500,6.437500,5.897875,278000
1983-11-18,6.468750,6.562500,6.468750,6.562500,6.012397,355200
1983-11-21,6.562500,6.562500,6.187500,6.250000,5.726093,321600
1983-11-22,6.250000,6.343750,5.937500,6.093750,5.582941,560400
1983-11-23,6.093750,6.093750,5.937500,6.093750,5.582941,154400
1983-11-25,6.062500,6.062500,6.062500,6.062500,5.554310,3200
1983-11-28,6.062500,6.062500,5.968750,6.062500,5.554310,21200
1983-11-29,6.062500,6.125000,6.000000,6.062500,5.554310,59600
1983-11-30,6.125000,6.281250,6.125000,6.218750,5.697462,93200
1983-12-01,6.218750,6.281250,6.187500,6.250000,5.726093,14800
1983-12-02,6.187500,6.187500,6.062500,6.125000,5.611570,61200
1983-12-05,6.125000,6.125000,5.906250,6.062500,5.554310,165600
1983-12-06,6.125000,6.218750,6.125000,6.125000,5.611570,63600
1983-12-07,6.156250,6.250000,6.156250,6.218750,5.697462,133600
1983-12-08,6.218750,6.218750,6.156250,6.218750,5.697462,39600
1983-12-09,6.218750,6.218750,6.093750,6.093750,5.582941,117600
1983-12-12,6.093750,6.125000,6.062500,6.093750,5.601325,72800
1983-12-13,6.062500,6.062500,6.000000,6.000000,5.515151,27200
1983-12-14,5.968750,5.968750,5.875000,5.875000,5.400250,70800
1983-12-15,5.875000,5.875000,5.812500,5.812500,5.342802,208400
1983-12-16,5.812500,5.875000,5.750000,5.843750,5.371526,205600
1983-12-19,5.843750,5.843750,5.781250,5.812500,5.342802,31600
1983-12-20,5.812500,5.843750,5.750000,5.812500,5.342802,38400
1983-12-21,5.812500,5.937500,5.750000,5.937500,5.457701,86800
1983-12-22,5.937500,6.000000,5.875000,5.875000,5.400250,75200
1983-12-23,5.875000,5.937500,5.843750,5.875000,5.400250,16400
1983-12-27,5.875000,5.906250,5.812500,5.875000,5.400250,15200
1983-12-28,5.875000,5.875000,5.687500,5.812500,5.342802,181200
1983-12-29,5.812500,5.875000,5.781250,5.875000,5.400250,62400
1983-12-30,5.875000,6.000000,5.750000,6.000000,5.515151,30800
1984-01-03,6.000000,6.000000,5.875000,5.875000,5.400250,29200
1984-01-04,5.875000,6.000000,5.875000,5.968750,5.486426,124000
1984-01-05,6.031250,6.218750,6.031250,6.187500,5.687498,300800
1984-01-06,6.218750,6.718750,6.218750,6.562500,6.032196,423200
1984-01-09,6.562500,6.812500,6.562500,6.718750,6.175818,476000
1984-01-10,6.718750,6.750000,6.687500,6.687500,6.147094,39600
1984-01-11,6.687500,6.687500,6.500000,6.593750,6.060920,252800
1984-01-12,6.593750,6.593750,6.468750,6.500000,5.974746,51600
1984-01-13,6.500000,6.562500,6.468750,6.468750,5.946022,114000
1984-01-16,6.468750,6.500000,6.406250,6.406250,5.888571,260400
1984-01-17,6.406250,6.468750,6.375000,6.406250,5.888571,170000
1984-01-18,6.406250,6.500000,6.343750,6.406250,5.888571,98000
1984-01-19,6.406250,6.406250,6.312500,6.312500,5.802398,211200
1984-01-20,6.312500,6.343750,6.031250,6.062500,5.572600,183200
1984-01-23,6.000000,6.000000,5.843750,5.843750,5.371526,90000
1984-01-24,5.843750,5.875000,5.750000,5.750000,5.285352,92400
1984-01-25,5.750000,5.843750,5.625000,5.625000,5.170454,464400
1984-01-26,5.625000,5.687500,5.531250,5.531250,5.084280,47200
1984-01-27,5.531250,5.531250,5.093750,5.312500,4.883206,147200
1984-01-30,5.312500,5.406250,4.875000,4.968750,4.567234,455600
1984-01-31,4.968750,5.031250,4.906250,5.031250,4.624683,276000
1984-02-01,5.031250,5.093750,5.000000,5.031250,4.624683,163200
1984-02-02,5.031250,5.343750,5.031250,5.218750,4.797031,62800
1984-02-03,5.468750,5.625000,5.468750,5.531250,5.084280,298000
1984-02-06,5.500000,5.500000,5.250000,5.250000,4.825756,461200
1984-02-07,5.250000,5.468750,5.250000,5.437500,4.998106,164000
1984-02-08,5.437500,5.562500,5.437500,5.468750,5.026829,159600
1984-02-09,5.468750,5.468750,5.156250,5.250000,4.825756,254800
1984-02-10,5.281250,5.437500,5.281250,5.375000,4.940655,222000
1984-02-13,5.375000,5.375000,5.250000,5.343750,4.911932,189600
1984-02-14,5.343750,5.406250,5.281250,5.343750,4.911932,180400
1984-02-15,5.375000,5.468750,5.375000,5.468750,5.026829,113600
1984-02-16,5.468750,5.468750,5.375000,5.406250,4.969379,120000
1984-02-17,5.406250,5.437500,5.312500,5.375000,4.940655,52400
1984-02-21,5.375000,5.375000,5.250000,5.250000,4.825756,105200
1984-02-22,5.250000,5.250000,5.093750,5.156250,4.739583,108800
1984-02-23,5.156250,5.218750,5.000000,5.218750,4.797031,332000
1984-02-24,5.218750,5.312500,5.156250,5.281250,4.854481,287200
1984-02-27,5.281250,5.281250,5.218750,5.281250,4.854481,106000
1984-02-28,5.281250,5.281250,5.093750,5.218750,4.797031,122000
1984-02-29,5.125000,5.125000,4.968750,5.093750,4.682133,261200
1984-03-01,5.093750,5.125000,5.062500,5.062500,4.653408,156800
1984-03-02,5.062500,5.218750,5.062500,5.125000,4.710857,580000
1984-03-05,5.125000,5.187500,5.125000,5.125000,4.710857,44800
1984-03-06,5.125000,5.187500,5.125000,5.156250,4.739583,52000
1984-03-07,5.156250,5.187500,5.125000,5.125000,4.710857,45600
1984-03-08,5.125000,5.125000,5.062500,5.125000,4.710857,74800
1984-03-09,5.125000,5.125000,5.093750,5.125000,4.710857,9600
1984-03-12,5.125000,5.125000,5.093750,5.093750,4.700476,9200
1984-03-13,5.093750,5.187500,5.093750,5.156250,4.758151,282800
1984-03-14,5.156250,5.156250,5.093750,5.125000,4.729313,69200
1984-03-15,5.125000,5.125000,5.093750,5.125000,4.729313,44800
1984-03-16,5.125000,5.343750,5.125000,5.156250,4.758151,172800
1984-03-19,5.218750,5.312500,5.218750,5.281250,4.873500,126000
1984-03-20,5.312500,5.593750,5.312500,5.531250,5.104199,250400
1984-03-21,5.656250,6.031250,5.656250,6.000000,5.536757,346000
1984-03-22,6.000000,6.062500,5.593750,5.656250,5.219547,322400
1984-03-23,5.656250,5.750000,5.500000,5.625000,5.190710,272800
1984-03-26,5.625000,5.687500,5.593750,5.687500,5.248384,110400
1984-03-27,5.750000,5.875000,5.750000,5.843750,5.392570,115600
1984-03-28,5.843750,5.937500,5.812500,5.937500,5.479083,156000
1984-03-29,5.937500,5.968750,5.875000,5.875000,5.421408,42000
1984-03-30,5.875000,5.875000,5.625000,5.687500,5.248384,116000
1984-04-02,5.687500,5.750000,5.625000,5.625000,5.190710,42000
1984-04-03,5.625000,5.656250,5.562500,5.625000,5.190710,22800
1984-04-04,5.625000,5.625000,5.500000,5.500000,5.075360,47200
1984-04-05,5.500000,5.625000,5.468750,5.562500,5.133035,10000
1984-04-06,5.437500,5.437500,5.125000,5.250000,4.844662,405200
1984-04-09,5.250000,5.281250,5.187500,5.250000,4.844662,108800
1984-04-10,5.250000,5.250000,5.031250,5.093750,4.700476,234800
1984-04-11,5.093750,5.156250,5.093750,5.156250,4.758151,27200
1984-04-12,5.156250,5.250000,5.093750,5.250000,4.844662,106400
1984-04-13,5.250000,5.343750,5.250000,5.312500,4.902337,227200
1984-04-16,5.312500,5.343750,5.218750,5.281250,4.873500,161600
1984-04-17,5.281250,5.500000,5.250000,5.500000,5.075360,846000
1984-04-18,5.500000,5.531250,5.437500,5.468750,5.046523,106400
1984-04-19,5.468750,5.500000,5.437500,5.437500,5.017686,22000
1984-04-23,5.437500,5.437500,5.281250,5.343750,4.931175,96400
1984-04-24,5.343750,5.468750,5.281250,5.468750,5.046523,58800
1984-04-25,5.468750,5.531250,5.437500,5.531250,5.104199,58400
1984-04-26,5.531250,5.718750,5.500000,5.625000,5.190710,168000
1984-04-27,5.687500,5.906250,5.687500,5.843750,5.392570,377200
1984-04-30,5.875000,5.968750,5.875000,5.968750,5.507919,16000
1984-05-01,5.968750,6.125000,5.968750,6.062500,5.594431,105200
1984-05-02,6.093750,6.218750,6.093750,6.187500,5.709781,112800
1984-05-03,6.187500,6.250000,6.062500,6.093750,5.623270,274400
1984-05-04,6.093750,6.125000,5.875000,5.875000,5.421408,124800
1984-05-07,5.875000,5.937500,5.843750,5.906250,5.450247,43200
1984-05-08,5.937500,6.000000,5.937500,5.937500,5.479083,40400
1984-05-09,5.968750,6.062500,5.968750,5.968750,5.507919,46800
1984-05-10,5.968750,6.093750,5.968750,6.093750,5.623270,68400
1984-05-11,6.062500,6.062500,6.000000,6.000000,5.536757,34400
1984-05-14,5.968750,5.968750,5.656250,5.781250,5.334896,187200
1984-05-15,5.781250,5.781250,5.593750,5.718750,5.277221,573600
1984-05-16,5.718750,5.718750,5.687500,5.687500,5.248384,21600
1984-05-17,5.687500,5.687500,5.500000,5.562500,5.133035,142400
1984-05-18,5.500000,5.500000,5.375000,5.375000,4.960011,183600
1984-05-21,5.375000,5.500000,5.375000,5.375000,4.960011,338400
1984-05-22,5.375000,5.437500,5.250000,5.250000,4.844662,46400
1984-05-23,5.250000,5.281250,5.187500,5.187500,4.786988,160400
1984-05-24,5.187500,5.187500,5.000000,5.062500,4.671639,47600
1984-05-25,5.062500,5.093750,5.031250,5.093750,4.700476,122800
1984-05-29,5.093750,5.093750,4.875000,5.000000,4.613964,55600
1984-05-30,5.000000,5.031250,4.875000,4.968750,4.585127,100000
1984-05-31,4.968750,5.031250,4.906250,5.000000,4.613964,132800
1984-06-01,5.000000,5.156250,4.968750,5.125000,4.729313,147200
1984-06-04,5.125000,5.406250,5.125000,5.343750,4.931175,133200
1984-06-05,5.343750,5.437500,5.250000,5.343750,4.931175,92000
1984-06-06,5.375000,5.437500,5.375000,5.437500,5.017686,34000
1984-06-07,5.437500,5.437500,5.343750,5.406250,4.988848,20400
1984-06-08,5.375000,5.375000,5.281250,5.375000,4.960011,138800
1984-06-11,5.343750,5.343750,5.250000,5.250000,4.862757,64800
1984-06-12,5.250000,5.312500,5.218750,5.281250,4.891701,18800
1984-06-13,5.312500,5.375000,5.312500,5.312500,4.920646,23200
1984-06-14,5.281250,5.281250,5.031250,5.093750,4.718031,159600
1984-06-15,5.093750,5.125000,5.062500,5.125000,4.746976,57200
1984-06-18,5.125000,5.125000,5.000000,5.062500,4.689086,171200
1984-06-19,5.062500,5.156250,5.062500,5.062500,4.689086,66000
1984-06-20,5.062500,5.125000,5.000000,5.125000,4.746976,236400
1984-06-21,5.125000,5.281250,5.093750,5.218750,4.833811,411600
1984-06-22,5.218750,5.250000,5.218750,5.250000,4.862757,116000
1984-06-25,5.250000,5.250000,5.125000,5.125000,4.746976,42000
1984-06-26,5.125000,5.218750,5.093750,5.218750,4.833811,96800
1984-06-27,5.218750,5.218750,5.093750,5.156250,4.775921,32800
1984-06-28,5.156250,5.156250,5.093750,5.093750,4.718031,54000
1984-06-29,5.093750,5.156250,5.093750,5.093750,4.718031,34000
1984-07-02,5.093750,5.218750,5.062500,5.125000,4.746976,119600
1984-07-03,5.093750,5.093750,5.031250,5.093750,4.718031,120800
1984-07-05,5.093750,5.125000,5.031250,5.062500,4.689086,75600
1984-07-06,5.031250,5.031250,4.937500,4.968750,4.602251,30400
1984-07-09,4.968750,5.031250,4.937500,5.031250,4.660142,112400
1984-07-10,5.031250,5.062500,4.968750,4.968750,4.602251,94000
1984-07-11,4.968750,5.031250,4.968750,5.031250,4.660142,75200
1984-07-12,5.031250,5.062500,4.968750,5.062500,4.689086,252400
1984-07-13,5.062500,5.062500,5.000000,5.062500,4.689086,49200
1984-07-16,5.062500,5.093750,5.000000,5.031250,4.660142,96000
1984-07-17,5.031250,5.093750,5.031250,5.062500,4.689086,148800
1984-07-18,5.062500,5.093750,5.062500,5.062500,4.689086,152800
1984-07-19,5.062500,5.062500,5.000000,5.000000,4.631197,89200
1984-07-20,5.000000,5.062500,4.968750,5.000000,4.631197,52400
1984-07-23,5.000000,5.000000,4.781250,4.812500,4.457526,115600
1984-07-24,4.812500,4.875000,4.531250,4.593750,4.254911,239200
1984-07-25,4.593750,4.593750,4.437500,4.437500,4.110187,176800
1984-07-26,4.437500,4.687500,4.437500,4.687500,4.341746,111600
1984-07-27,4.687500,4.937500,4.656250,4.906250,4.544362,54400
1984-07-30,4.937500,5.093750,4.937500,4.937500,4.573307,75200
1984-07-31,4.937500,5.000000,4.906250,4.906250,4.544362,14400
1984-08-01,4.968750,5.156250,4.968750,5.156250,4.775921,200000
1984-08-02,5.156250,5.375000,5.125000,5.312500,4.920646,898000
1984-08-03,5.343750,6.281250,5.343750,6.218750,5.760051,970800
1984-08-06,6.218750,6.343750,6.218750,6.218750,5.760051,1392800
1984-08-07,6.218750,6.812500,6.218750,6.687500,6.194225,1256400
1984-08-08,6.687500,6.875000,6.625000,6.687500,6.194225,715600
1984-08-09,6.687500,6.906250,6.500000,6.843750,6.338950,410800
1984-08-10,6.906250,7.187500,6.906250,6.937500,6.425785,162400
1984-08-13,6.875000,6.875000,6.593750,6.687500,6.194225,330400
1984-08-14,6.687500,6.781250,6.687500,6.781250,6.281061,374000
1984-08-15,6.781250,6.781250,6.687500,6.718750,6.223170,304800
1984-08-16,6.718750,7.062500,6.718750,7.000000,6.483675,480000
1984-08-17,7.000000,7.062500,6.937500,7.000000,6.483675,1044000
1984-08-20,7.000000,7.031250,6.843750,6.968750,6.454730,151600
1984-08-21,6.968750,7.187500,6.968750,7.187500,6.657346,295600
1984-08-22,7.187500,7.218750,7.125000,7.125000,6.599455,243200
1984-08-23,7.125000,7.187500,7.062500,7.062500,6.541564,246800
1984-08-24,7.062500,7.218750,7.062500,7.218750,6.686291,167200
1984-08-27,7.218750,7.281250,7.218750,7.281250,6.744180,463600
1984-08-28,7.281250,7.281250,7.218750,7.218750,6.686291,382400
1984-08-29,7.218750,7.250000,7.187500,7.187500,6.657346,257600
1984-08-30,7.187500,7.187500,7.093750,7.093750,6.570510,146800
1984-08-31,7.093750,7.156250,7.093750,7.156250,6.628400,78800
1984-09-04,7.156250,7.156250,7.093750,7.093750,6.570510,320000
1984-09-05,7.093750,7.125000,7.093750,7.093750,6.570510,48000
1984-09-06,7.093750,7.281250,7.093750,7.218750,6.686291,198800
1984-09-07,7.218750,7.281250,7.125000,7.125000,6.599455,185200
1984-09-10,7.125000,7.125000,6.937500,7.000000,6.501926,87200
1984-09-11,7.000000,7.093750,7.000000,7.031250,6.530952,109200
1984-09-12,7.031250,7.062500,6.812500,6.812500,6.327767,188400
1984-09-13,6.812500,6.875000,6.812500,6.875000,6.385820,111600
1984-09-14,6.906250,7.000000,6.906250,7.000000,6.501926,277600
1984-09-17,6.968750,6.968750,6.937500,6.968750,6.472900,71200
1984-09-18,6.968750,6.968750,6.875000,6.937500,6.443873,125600
1984-09-19,6.906250,6.906250,6.375000,6.437500,5.979450,377200
1984-09-20,6.437500,6.500000,6.437500,6.468750,6.008476,126000
1984-09-21,6.468750,6.593750,6.406250,6.500000,6.037503,532400
1984-09-24,6.500000,6.562500,6.500000,6.562500,6.095555,115200
1984-09-25,6.562500,6.593750,6.500000,6.531250,6.066530,309200
1984-09-26,6.531250,6.625000,6.531250,6.562500,6.095555,459200
1984-09-27,6.531250,6.531250,6.312500,6.406250,5.950424,381600
1984-09-28,6.375000,6.375000,6.218750,6.250000,5.805291,152000
1984-10-01,6.218750,6.218750,5.968750,5.968750,5.544053,113200
1984-10-02,5.968750,5.968750,5.906250,5.937500,5.515027,92400
1984-10-03,5.937500,6.062500,5.906250,6.031250,5.602107,131200
1984-10-04,6.031250,6.093750,6.000000,6.000000,5.573079,60800
1984-10-05,6.062500,6.187500,6.062500,6.156250,5.718211,154400
1984-10-08,6.125000,6.125000,6.062500,6.062500,5.631132,132800
1984-10-09,6.062500,6.093750,5.968750,6.000000,5.573079,84800
1984-10-10,6.000000,6.031250,5.937500,6.031250,5.602107,400000
1984-10-11,6.031250,6.218750,6.000000,6.125000,5.689186,188400
1984-10-12,6.187500,6.437500,6.187500,6.375000,5.921396,260400
1984-10-15,6.375000,6.437500,6.312500,6.375000,5.921396,47600
1984-10-16,6.406250,6.468750,6.406250,6.406250,5.950424,94000
1984-10-17,6.437500,6.500000,6.437500,6.437500,5.979450,163200
1984-10-18,6.437500,6.500000,6.437500,6.468750,6.008476,120000
1984-10-19,6.468750,6.625000,6.468750,6.562500,6.095555,346800
1984-10-22,6.562500,6.593750,6.531250,6.562500,6.095555,74800
1984-10-23,6.562500,6.562500,6.312500,6.312500,5.863345,217200
1984-10-24,6.312500,6.375000,6.218750,6.218750,5.776265,42400
1984-10-25,6.218750,6.250000,5.937500,5.937500,5.515027,162000
1984-10-26,5.937500,5.937500,5.437500,5.437500,5.050603,605200
1984-10-29,5.437500,5.531250,5.437500,5.500000,5.108656,58400
1984-10-30,5.531250,5.687500,5.531250,5.687500,5.282814,267600
1984-10-31,5.687500,5.718750,5.406250,5.437500,5.050603,530000
1984-11-01,5.437500,5.562500,5.406250,5.531250,5.137682,1031200
1984-11-02,5.531250,5.687500,5.531250,5.593750,5.195735,205600
1984-11-05,5.593750,5.687500,5.593750,5.625000,5.224762,164400
1984-11-06,5.656250,5.937500,5.656250,5.937500,5.515027,318400
1984-11-07,5.937500,5.968750,5.625000,5.718750,5.311841,267600
1984-11-08,5.718750,5.718750,5.687500,5.718750,5.311841,62800
1984-11-09,5.718750,5.812500,5.687500,5.718750,5.311841,412400
1984-11-12,5.718750,5.781250,5.687500,5.750000,5.340868,46400
1984-11-13,5.750000,5.781250,5.625000,5.687500,5.282814,74000
1984-11-14,5.625000,5.625000,5.468750,5.531250,5.137682,182400
1984-11-15,5.531250,5.562500,5.437500,5.468750,5.079630,92400
1984-11-16,5.468750,5.500000,5.437500,5.437500,5.050603,288000
1984-11-19,5.437500,5.500000,5.437500,5.500000,5.108656,95600
1984-11-20,5.500000,5.500000,5.343750,5.406250,5.021576,767600
1984-11-21,5.375000,5.375000,5.125000,5.375000,4.992550,103200
1984-11-23,5.375000,5.406250,5.343750,5.375000,4.992550,123200
1984-11-26,5.375000,5.375000,5.281250,5.312500,4.934497,342000
1984-11-27,5.312500,5.406250,5.312500,5.343750,4.963523,193600
1984-11-28,5.343750,5.468750,5.343750,5.406250,5.021576,133200
1984-11-29,5.375000,5.375000,5.281250,5.343750,4.963523,160400
1984-11-30,5.343750,5.375000,5.218750,5.281250,4.905471,74400
1984-12-03,5.281250,5.343750,5.250000,5.312500,4.934497,29200
1984-12-04,5.312500,5.375000,5.250000,5.375000,4.992550,258000
1984-12-05,5.375000,5.500000,5.343750,5.375000,4.992550,176400
1984-12-06,5.406250,5.531250,5.406250,5.500000,5.108656,93200
1984-12-07,5.500000,5.562500,5.500000,5.500000,5.108656,83200
1984-12-10,5.500000,5.531250,5.406250,5.406250,5.058365,131200
1984-12-11,5.406250,5.468750,5.343750,5.375000,5.029126,202800
1984-12-12,5.375000,5.437500,5.343750,5.406250,5.058365,79600
1984-12-13,5.406250,5.406250,5.312500,5.406250,5.058365,143600
1984-12-14,5.406250,5.437500,5.312500,5.375000,5.029126,88400
1984-12-17,5.375000,5.406250,5.375000,5.375000,5.029126,51600
1984-12-18,5.406250,5.750000,5.406250,5.718750,5.350756,932000
1984-12-19,5.812500,5.968750,5.812500,5.906250,5.526192,256400
1984-12-20,5.906250,5.968750,5.875000,5.937500,5.555430,251200
1984-12-21,5.906250,5.906250,5.812500,5.906250,5.526192,646400
1984-12-24,5.906250,6.250000,5.906250,6.125000,5.730865,146400
1984-12-26,6.218750,6.343750,6.218750,6.281250,5.877060,145200
1984-12-27,6.281250,6.343750,6.156250,6.250000,5.847821,96000
1984-12-28,6.250000,6.406250,6.250000,6.375000,5.964777,65600
1984-12-31,6.375000,6.500000,6.375000,6.500000,6.081735,80000
1985-01-02,6.468750,6.468750,6.250000,6.281250,5.877060,258800
1985-01-03,6.281250,6.281250,6.218750,6.281250,5.877060,165600
1985-01-04,6.250000,6.250000,6.125000,6.156250,5.760103,139600
1985-01-07,6.156250,6.156250,5.875000,5.906250,5.526192,180800
1985-01-08,5.906250,5.968750,5.750000,5.812500,5.438474,110400
1985-01-09,5.812500,6.031250,5.687500,6.031250,5.643147,148400
1985-01-10,6.031250,6.343750,6.000000,6.343750,5.935538,178400
1985-01-11,6.343750,6.375000,6.218750,6.281250,5.877060,84400
1985-01-14,6.281250,6.406250,6.218750,6.343750,5.935538,286800
1985-01-15,6.343750,6.468750,6.343750,6.343750,5.935538,232800
1985-01-16,6.343750,6.437500,6.312500,6.343750,5.935538,137600
1985-01-17,6.343750,6.468750,6.343750,6.468750,6.052495,197600
1985-01-18,6.468750,6.500000,6.375000,6.375000,5.964777,336400
1985-01-21,6.375000,6.750000,6.375000,6.750000,6.315646,692800
1985-01-22,6.750000,6.937500,6.750000,6.875000,6.432602,438000
1985-01-23,6.875000,6.906250,6.843750,6.906250,6.461842,515600
1985-01-24,6.906250,7.062500,6.875000,6.937500,6.491081,667200
1985-01-25,6.968750,7.062500,6.968750,7.062500,6.608037,310800
1985-01-28,7.062500,7.343750,7.062500,7.250000,6.783473,382800
1985-01-29,7.250000,7.312500,7.156250,7.187500,6.724994,184400
1985-01-30,7.250000,7.375000,7.250000,7.343750,6.871190,231200
1985-01-31,7.343750,7.343750,7.281250,7.281250,6.812711,455200
1985-02-01,7.281250,7.281250,7.187500,7.187500,6.724994,156800
1985-02-04,7.187500,7.281250,7.187500,7.281250,6.812711,232800
1985-02-05,7.281250,7.343750,7.250000,7.250000,6.783473,309600
1985-02-06,7.250000,7.281250,7.250000,7.250000,6.783473,213600
1985-02-07,7.250000,7.312500,7.218750,7.250000,6.783473,676000
1985-02-08,7.250000,7.343750,7.250000,7.312500,6.841950,112000
1985-02-11,7.312500,7.343750,7.093750,7.125000,6.666516,270800
1985-02-12,7.125000,7.125000,6.875000,6.937500,6.491081,330000
1985-02-13,6.937500,7.031250,6.687500,6.718750,6.286407,562400
1985-02-14,6.718750,6.781250,6.562500,6.562500,6.140212,412000
1985-02-15,6.562500,6.562500,6.375000,6.437500,6.023256,516000
1985-02-19,6.437500,6.531250,6.343750,6.531250,6.110973,192800
1985-02-20,6.531250,6.562500,6.406250,6.406250,5.994016,362400
1985-02-21,6.406250,6.468750,6.250000,6.250000,5.847821,292800
1985-02-22,6.250000,6.281250,6.000000,6.125000,5.730865,320800
1985-02-25,6.093750,6.093750,5.906250,6.000000,5.613908,149600
1985-02-26,6.000000,6.000000,5.875000,6.000000,5.613908,311200
1985-02-27,6.000000,6.000000,5.937500,5.968750,5.584669,168000
1985-02-28,5.968750,5.968750,5.906250,5.906250,5.526192,236000
1985-03-01,5.906250,5.937500,5.812500,5.875000,5.496952,689200
1985-03-04,5.875000,5.875000,5.843750,5.843750,5.467713,182800
1985-03-05,5.843750,5.937500,5.843750,5.875000,5.496952,298000
1985-03-06,5.875000,5.875000,5.687500,5.687500,5.321517,84000
1985-03-07,5.687500,5.718750,5.593750,5.593750,5.233799,379600
1985-03-08,5.593750,5.656250,5.531250,5.531250,5.175322,94000
1985-03-11,5.531250,5.562500,4.500000,4.656250,4.388363,2138000
1985-03-12,4.656250,4.812500,4.656250,4.812500,4.535622,1646800
1985-03-13,4.781250,4.781250,4.687500,4.718750,4.447266,738000
1985-03-14,4.718750,4.812500,4.718750,4.781250,4.506170,594400
1985-03-15,4.781250,4.812500,4.750000,4.812500,4.535622,401200
1985-03-18,4.812500,4.843750,4.781250,4.781250,4.506170,150800
1985-03-19,4.781250,4.843750,4.781250,4.812500,4.535622,400000
1985-03-20,4.812500,4.812500,4.687500,4.750000,4.476718,666000
1985-03-21,4.750000,4.812500,4.718750,4.750000,4.476718,381600
1985-03-22,4.750000,4.781250,4.656250,4.687500,4.417813,328800
1985-03-25,4.687500,4.750000,4.625000,4.687500,4.417813,243200
1985-03-26,4.687500,4.687500,4.500000,4.687500,4.417813,392800
1985-03-27,4.718750,4.812500,4.718750,4.750000,4.476718,588400
1985-03-28,4.750000,4.875000,4.718750,4.843750,4.565073,394000
1985-03-29,4.843750,5.000000,4.843750,4.937500,4.653431,395200
1985-04-01,4.937500,4.968750,4.906250,4.968750,4.682882,232400
1985-04-02,4.968750,5.062500,4.937500,5.000000,4.712335,218000
1985-04-03,5.000000,5.062500,4.968750,5.000000,4.712335,274800
1985-04-04,5.000000,5.031250,4.937500,5.000000,4.712335,209200
1985-04-08,5.000000,5.000000,4.875000,4.875000,4.594526,109600
1985-04-09,4.906250,4.968750,4.906250,4.937500,4.653431,239600
1985-04-10,4.937500,4.968750,4.906250,4.937500,4.653431,83200
1985-04-11,4.937500,4.937500,4.906250,4.937500,4.653431,648400
1985-04-12,4.937500,4.937500,4.687500,4.750000,4.476718,160000
1985-04-15,4.718750,4.718750,4.656250,4.718750,4.447266,106000
1985-04-16,4.718750,4.718750,4.343750,4.562500,4.300006,369200
1985-04-17,4.562500,4.656250,4.500000,4.593750,4.329457,169200
1985-04-18,4.593750,4.656250,4.593750,4.593750,4.329457,136800
1985-04-19,4.593750,4.625000,4.468750,4.593750,4.329457,518800
1985-04-22,4.593750,4.656250,4.468750,4.531250,4.270553,366000
1985-04-23,4.531250,4.593750,4.500000,4.531250,4.270553,627200
1985-04-24,4.531250,4.562500,4.437500,4.500000,4.241101,256800
1985-04-25,4.468750,4.468750,4.343750,4.468750,4.211649,249600
1985-04-26,4.468750,4.500000,4.406250,4.500000,4.241101,50000
1985-04-29,4.500000,4.500000,4.343750,4.375000,4.123294,258800
1985-04-30,4.375000,4.437500,4.343750,4.437500,4.182198,234000
1985-05-01,4.437500,4.500000,4.437500,4.437500,4.182198,78400
1985-05-02,4.437500,4.437500,4.281250,4.281250,4.034937,510400
1985-05-03,4.281250,4.312500,4.187500,4.250000,4.005485,310800
1985-05-06,4.250000,4.250000,4.156250,4.218750,3.976032,322800
1985-05-07,4.218750,4.218750,4.031250,4.031250,3.799320,215600
1985-05-08,4.031250,4.062500,4.031250,4.062500,3.828772,116000
1985-05-09,4.062500,4.312500,4.031250,4.281250,4.034937,329200
1985-05-10,4.281250,4.437500,4.250000,4.375000,4.123294,154000
1985-05-13,4.375000,4.406250,4.125000,4.125000,3.887676,280000
1985-05-14,4.125000,4.125000,4.000000,4.062500,3.828772,319600
1985-05-15,4.031250,4.031250,3.937500,4.031250,3.799320,152800
1985-05-16,4.031250,4.031250,3.843750,3.875000,3.652059,199600
1985-05-17,3.875000,3.906250,3.781250,3.843750,3.622607,218400
1985-05-20,3.843750,3.906250,3.812500,3.875000,3.652059,183600
1985-05-21,3.875000,3.906250,3.843750,3.875000,3.652059,246400
1985-05-22,3.875000,3.906250,3.750000,3.781250,3.563703,302800
1985-05-23,3.781250,3.843750,3.750000,3.750000,3.534251,133600
1985-05-24,3.750000,3.781250,3.593750,3.625000,3.416443,89600
1985-05-28,3.625000,3.750000,3.593750,3.625000,3.416443,335200
1985-05-29,3.625000,3.687500,3.500000,3.531250,3.328086,408000
1985-05-30,3.531250,3.593750,3.468750,3.500000,3.298635,215600
1985-05-31,3.500000,3.500000,3.343750,3.406250,3.210278,542000
1985-06-03,3.406250,3.406250,3.343750,3.406250,3.210278,276800
1985-06-04,3.406250,3.531250,3.343750,3.531250,3.328086,429200
1985-06-05,3.531250,3.562500,3.468750,3.531250,3.328086,388000
1985-06-06,3.500000,3.500000,3.406250,3.500000,3.298635,398400
1985-06-07,3.500000,3.656250,3.500000,3.593750,3.386990,216400
1985-06-10,3.593750,3.656250,3.500000,3.562500,3.395330,160000
1985-06-11,3.562500,3.593750,3.468750,3.562500,3.395330,248800
1985-06-12,3.562500,3.562500,3.500000,3.562500,3.395330,100000
1985-06-13,3.562500,3.562500,3.468750,3.500000,3.335763,138400
1985-06-14,3.500000,3.500000,3.468750,3.500000,3.335763,58800
1985-06-17,3.500000,3.531250,3.468750,3.468750,3.305979,172000
1985-06-18,3.468750,3.500000,3.468750,3.468750,3.305979,77200
1985-06-19,3.468750,3.500000,3.437500,3.437500,3.276196,185200
1985-06-20,3.437500,3.500000,3.250000,3.312500,3.157061,313200
1985-06-21,3.312500,3.375000,3.281250,3.375000,3.216629,113600
1985-06-24,3.375000,3.468750,3.281250,3.468750,3.305979,461200
1985-06-25,3.468750,3.593750,3.437500,3.562500,3.395330,623600
1985-06-26,3.562500,3.843750,3.531250,3.812500,3.633599,579600
1985-06-27,3.812500,3.968750,3.781250,3.906250,3.722950,393200
1985-06-28,3.906250,3.968750,3.437500,3.562500,3.395330,708400
1985-07-01,3.562500,3.718750,3.562500,3.687500,3.514464,274000
1985-07-02,3.718750,3.843750,3.718750,3.843750,3.663383,308400
1985-07-03,3.843750,3.843750,3.781250,3.812500,3.633599,362800
1985-07-05,3.812500,3.843750,3.812500,3.843750,3.663383,136000
1985-07-08,3.843750,3.875000,3.812500,3.812500,3.633599,427200
1985-07-09,3.812500,3.843750,3.812500,3.843750,3.663383,132000
1985-07-10,3.843750,3.875000,3.812500,3.875000,3.693166,52400
1985-07-11,3.875000,3.937500,3.843750,3.906250,3.722950,144000
1985-07-12,3.906250,3.937500,3.875000,3.875000,3.693166,204000
1985-07-15,3.875000,3.906250,3.812500,3.875000,3.693166,140400
1985-07-16,3.875000,4.031250,3.843750,4.031250,3.842084,172800
1985-07-17,4.031250,4.156250,4.000000,4.031250,3.842084,166000
1985-07-18,4.031250,4.062500,3.906250,3.937500,3.752733,211200
1985-07-19,3.937500,3.937500,3.875000,3.875000,3.693166,194400
1985-07-22,3.875000,3.906250,3.843750,3.843750,3.663383,108800
1985-07-23,3.843750,3.875000,3.843750,3.843750,3.663383,221600
1985-07-24,3.843750,3.875000,3.843750,3.875000,3.693166,228400
1985-07-25,3.875000,4.031250,3.875000,4.031250,3.842084,172400
1985-07-26,4.031250,4.062500,3.968750,4.000000,3.812300,44000
1985-07-29,4.000000,4.062500,3.968750,4.000000,3.812300,67200
1985-07-30,4.000000,4.000000,3.937500,3.937500,3.752733,110400
1985-07-31,3.937500,3.937500,3.875000,3.937500,3.752733,106000
1985-08-01,3.875000,3.875000,3.500000,3.687500,3.514464,721600
1985-08-02,3.687500,3.687500,3.593750,3.625000,3.454897,478800
1985-08-05,3.625000,3.625000,3.593750,3.593750,3.425114,274800
1985-08-06,3.593750,3.625000,3.562500,3.562500,3.395330,217600
1985-08-07,3.562500,3.625000,3.531250,3.562500,3.395330,156400
1985-08-08,3.562500,3.625000,3.531250,3.531250,3.365546,541600
1985-08-09,3.625000,3.750000,3.625000,3.625000,3.454897,579600
1985-08-12,3.625000,3.687500,3.625000,3.625000,3.454897,226400
1985-08-13,3.625000,3.656250,3.500000,3.562500,3.395330,322000
1985-08-14,3.562500,3.593750,3.562500,3.562500,3.395330,20400
1985-08-15,3.562500,3.593750,3.500000,3.531250,3.365546,73600
1985-08-16,3.531250,3.562500,3.531250,3.562500,3.395330,21600
1985-08-19,3.562500,3.562500,3.531250,3.531250,3.365546,86400
1985-08-20,3.531250,3.718750,3.531250,3.656250,3.484681,128400
1985-08-21,3.656250,3.718750,3.531250,3.531250,3.365546,404400
1985-08-22,3.531250,3.593750,3.437500,3.437500,3.276196,268400
1985-08-23,3.437500,3.468750,3.406250,3.468750,3.305979,284000
1985-08-26,3.468750,3.500000,3.437500,3.468750,3.305979,77600
1985-08-27,3.468750,3.562500,3.468750,3.531250,3.365546,60400
1985-08-28,3.531250,3.562500,3.500000,3.562500,3.395330,150000
1985-08-29,3.562500,3.593750,3.500000,3.562500,3.395330,259600
1985-08-30,3.562500,3.562500,3.500000,3.531250,3.365546,112800
1985-09-03,3.531250,3.562500,3.500000,3.500000,3.335763,204800
1985-09-04,3.500000,3.531250,3.500000,3.531250,3.365546,290800
1985-09-05,3.531250,3.531250,3.500000,3.500000,3.335763,88000
1985-09-06,3.500000,3.531250,3.437500,3.468750,3.305979,483600
1985-09-09,3.468750,3.468750,3.406250,3.437500,3.276196,195600
1985-09-10,3.437500,3.437500,3.375000,3.437500,3.276196,275600
1985-09-11,3.406250,3.406250,3.375000,3.406250,3.246412,124400
1985-09-12,3.406250,3.406250,3.312500,3.343750,3.186845,88000
1985-09-13,3.343750,3.375000,3.250000,3.250000,3.097494,201600
1985-09-16,3.250000,3.250000,3.000000,3.062500,2.918792,268400
1985-09-17,3.031250,3.031250,2.906250,2.968750,2.829442,538000
1985-09-18,2.968750,3.000000,2.906250,3.000000,2.859225,330800
1985-09-19,3.000000,3.000000,2.937500,3.000000,2.859225,308400
1985-09-20,3.000000,3.000000,2.906250,2.937500,2.799658,253200
1985-09-23,2.937500,3.000000,2.906250,3.000000,2.859225,70800
1985-09-24,3.000000,3.000000,2.937500,2.968750,2.829442,261600
1985-09-25,2.968750,2.968750,2.906250,2.968750,2.829442,133600
1985-09-26,2.968750,2.968750,2.875000,2.937500,2.799658,293200
1985-09-30,2.937500,2.937500,2.906250,2.906250,2.769875,282400
1985-10-01,2.906250,2.937500,2.843750,2.906250,2.769875,468000
1985-10-02,2.906250,2.937500,2.906250,2.937500,2.799658,186800
1985-10-03,2.937500,2.937500,2.812500,2.875000,2.740091,494000
1985-10-04,2.875000,2.875000,2.500000,2.562500,2.442255,264800
1985-10-07,2.562500,2.562500,2.312500,2.343750,2.233770,459200
1985-10-08,2.343750,2.375000,2.312500,2.343750,2.233770,196000
1985-10-09,2.343750,2.343750,2.281250,2.312500,2.203986,161200
1985-10-10,2.312500,2.312500,2.125000,2.218750,2.114635,309600
1985-10-11,2.218750,2.343750,2.218750,2.281250,2.174202,195600
1985-10-14,2.281250,2.343750,2.250000,2.312500,2.203986,237600
1985-10-15,2.312500,2.375000,2.281250,2.343750,2.233770,164400
1985-10-16,2.343750,2.531250,2.312500,2.531250,2.412472,224800
1985-10-17,2.562500,2.625000,2.562500,2.562500,2.442255,145200
1985-10-18,2.562500,2.718750,2.562500,2.625000,2.501822,142000
1985-10-21,2.718750,2.875000,2.718750,2.718750,2.591173,166000
1985-10-22,2.750000,2.781250,2.750000,2.750000,2.620956,76000
1985-10-23,2.750000,3.000000,2.750000,2.968750,2.829442,240800
1985-10-24,2.968750,3.062500,2.937500,2.937500,2.799658,560400
1985-10-25,2.937500,3.000000,2.875000,2.875000,2.740091,125600
1985-10-28,2.875000,2.906250,2.843750,2.906250,2.769875,86800
1985-10-29,2.906250,2.906250,2.812500,2.812500,2.680524,192800
1985-10-30,2.812500,2.843750,2.781250,2.843750,2.710307,14800
1985-10-31,2.812500,2.812500,2.625000,2.656250,2.531605,186400
1985-11-01,2.656250,2.718750,2.625000,2.718750,2.591173,142800
1985-11-04,2.718750,2.781250,2.687500,2.750000,2.620956,181200
1985-11-05,2.750000,2.750000,2.718750,2.750000,2.620956,62400
1985-11-06,2.750000,2.750000,2.718750,2.718750,2.591173,222800
1985-11-07,2.718750,2.781250,2.656250,2.656250,2.531605,97600
1985-11-08,2.656250,2.718750,2.625000,2.718750,2.591173,279600
1985-11-11,2.718750,2.750000,2.718750,2.750000,2.620956,245600
1985-11-12,2.750000,2.968750,2.750000,2.937500,2.799658,607600
1985-11-13,2.937500,3.062500,2.937500,2.968750,2.829442,519200
1985-11-14,2.968750,3.062500,2.968750,3.031250,2.889009,271600
1985-11-15,3.031250,3.125000,3.000000,3.062500,2.918792,209600
1985-11-18,3.062500,3.093750,2.625000,2.656250,2.531605,477200
1985-11-19,2.656250,2.656250,2.468750,2.656250,2.531605,473600
1985-11-20,2.656250,2.718750,2.625000,2.625000,2.501822,223200
1985-11-21,2.625000,2.687500,2.625000,2.687500,2.561390,158400
1985-11-22,2.687500,2.687500,2.656250,2.656250,2.531605,361200
1985-11-25,2.656250,2.687500,2.625000,2.625000,2.501822,545200
1985-11-26,2.656250,2.906250,2.656250,2.906250,2.769875,497200
1985-11-27,2.906250,3.031250,2.843750,2.968750,2.829442,249200
1985-11-29,3.000000,3.125000,3.000000,3.031250,2.889009,146800
1985-12-02,3.031250,3.093750,2.937500,3.031250,2.889009,246000
1985-12-03,3.000000,3.000000,2.937500,3.000000,2.859225,84800
1985-12-04,3.000000,3.125000,2.968750,3.093750,2.948576,254800
1985-12-05,3.093750,3.250000,3.093750,3.218750,3.067710,480400
1985-12-06,3.218750,3.218750,3.093750,3.156250,3.008143,386400
1985-12-09,3.156250,3.187500,3.062500,3.062500,2.918792,282000
1985-12-10,3.062500,3.093750,2.968750,3.062500,2.918792,262800
1985-12-11,3.062500,3.093750,3.031250,3.062500,2.918792,437200
1985-12-12,3.062500,3.093750,3.031250,3.031250,2.889009,136800
1985-12-13,3.031250,3.156250,3.031250,3.156250,3.008143,180400
1985-12-16,3.156250,3.218750,2.968750,3.062500,2.918792,220000
1985-12-17,3.062500,3.093750,3.031250,3.062500,2.918792,97200
1985-12-18,3.062500,3.093750,3.031250,3.062500,2.918792,113600
1985-12-19,3.062500,3.062500,3.031250,3.031250,2.889009,75600
1985-12-20,3.031250,3.156250,3.031250,3.093750,2.948576,151600
1985-12-23,3.093750,3.156250,3.031250,3.031250,2.889009,120000
1985-12-24,3.031250,3.031250,2.968750,2.968750,2.829442,141200
1985-12-26,2.968750,3.031250,2.968750,3.031250,2.889009,40000
1985-12-27,3.031250,3.125000,3.031250,3.125000,2.978360,105200
1985-12-30,3.125000,3.187500,3.093750,3.156250,3.008143,280000
1985-12-31,3.187500,3.375000,3.187500,3.281250,3.127278,331200
1986-01-02,3.281250,3.343750,3.062500,3.125000,2.978360,253600
1986-01-03,3.125000,3.125000,3.093750,3.093750,2.948576,77600
1986-01-06,3.093750,3.125000,3.093750,3.125000,2.978360,101600
1986-01-07,3.125000,3.125000,3.093750,3.093750,2.948576,48800
1986-01-08,3.093750,3.156250,3.093750,3.093750,2.948576,145200
1986-01-09,3.093750,3.125000,3.031250,3.031250,2.889009,81600
1986-01-10,3.031250,3.062500,3.031250,3.031250,2.889009,46400
1986-01-13,3.031250,3.031250,3.000000,3.000000,2.859225,28400
1986-01-14,3.000000,3.125000,3.000000,3.000000,2.859225,129200
1986-01-15,3.000000,3.093750,3.000000,3.031250,2.889009,11600
1986-01-16,3.031250,3.125000,3.031250,3.062500,2.918792,30800
1986-01-17,3.062500,3.156250,3.062500,3.093750,2.948576,29600
1986-01-20,3.093750,3.156250,3.093750,3.125000,2.978360,97200
1986-01-21,3.125000,3.156250,3.093750,3.156250,3.008143,40800
1986-01-22,3.156250,3.156250,3.093750,3.093750,2.948576,53200
1986-01-23,3.062500,3.062500,2.687500,2.812500,2.680524,419600
1986-01-24,2.812500,2.812500,2.718750,2.750000,2.620956,124400
1986-01-27,2.750000,2.812500,2.718750,2.781250,2.650740,64400
1986-01-28,2.781250,2.843750,2.781250,2.843750,2.710307,65200
1986-01-29,2.843750,2.906250,2.781250,2.812500,2.680524,206400
1986-01-30,2.812500,2.875000,2.781250,2.875000,2.740091,90000
1986-01-31,2.875000,2.906250,2.812500,2.906250,2.769875,201600
1986-02-03,2.906250,2.906250,2.843750,2.906250,2.769875,30000
1986-02-04,2.906250,2.906250,2.843750,2.843750,2.710307,57200
1986-02-05,2.843750,2.875000,2.812500,2.812500,2.680524,28000
1986-02-06,2.812500,2.875000,2.812500,2.843750,2.710307,214800
1986-02-07,2.843750,2.843750,2.687500,2.750000,2.620956,262800
1986-02-10,2.750000,2.750000,2.718750,2.718750,2.591173,122800
1986-02-11,2.718750,2.750000,2.718750,2.750000,2.620956,123600
1986-02-12,2.750000,2.812500,2.718750,2.781250,2.650740,304400
1986-02-13,2.781250,2.875000,2.750000,2.843750,2.710307,323600
1986-02-14,2.843750,3.343750,2.812500,3.312500,3.157061,879200
1986-02-18,3.312500,3.406250,3.312500,3.406250,3.246412,270000
1986-02-19,3.406250,3.437500,3.281250,3.375000,3.216629,866000
1986-02-20,3.375000,3.656250,3.375000,3.593750,3.425114,432400
1986-02-21,3.593750,3.656250,3.562500,3.593750,3.425114,844400
1986-02-24,3.593750,3.625000,3.531250,3.562500,3.395330,218000
1986-02-25,3.562500,3.562500,3.500000,3.531250,3.365546,250800
1986-02-26,3.500000,3.500000,3.375000,3.437500,3.276196,221600
1986-02-27,3.406250,3.406250,3.343750,3.375000,3.216629,103600
1986-02-28,3.375000,3.437500,3.375000,3.375000,3.216629,77200
1986-03-03,3.375000,3.406250,3.281250,3.281250,3.127278,970400
1986-03-04,3.281250,3.312500,3.250000,3.250000,3.097494,88000
1986-03-05,3.250000,3.531250,3.187500,3.500000,3.335763,484400
1986-03-06,3.500000,3.625000,3.375000,3.375000,3.216629,433200
1986-03-07,3.375000,3.437500,3.343750,3.406250,3.246412,89200
1986-03-10,3.406250,3.406250,3.375000,3.406250,3.246412,14800
1986-03-11,3.406250,3.500000,3.343750,3.468750,3.305979,215600
1986-03-12,3.468750,3.562500,3.468750,3.562500,3.395330,423200
1986-03-13,3.562500,3.781250,3.531250,3.781250,3.603815,246400
1986-03-14,3.812500,3.968750,3.812500,3.812500,3.633599,424400
1986-03-17,3.812500,3.875000,3.781250,3.812500,3.633599,54000
1986-03-18,3.812500,3.875000,3.812500,3.843750,3.663383,59200
1986-03-19,3.843750,3.906250,3.843750,3.843750,3.663383,186800
1986-03-20,3.843750,3.875000,3.843750,3.843750,3.663383,289600
1986-03-21,3.843750,3.875000,3.750000,3.843750,3.663383,125200
1986-03-24,3.750000,3.750000,3.406250,3.468750,3.305979,296800
1986-03-25,3.468750,3.500000,3.312500,3.343750,3.186845,170800
1986-03-26,3.343750,3.343750,3.250000,3.281250,3.127278,298400
1986-03-27,3.281250,3.343750,3.250000,3.281250,3.127278,94400
1986-03-31,3.281250,3.281250,3.218750,3.218750,3.067710,41600
1986-04-01,3.218750,3.281250,3.125000,3.156250,3.008143,136800
1986-04-02,3.156250,3.156250,3.062500,3.062500,2.918792,158000
1986-04-03,3.062500,3.062500,2.875000,2.875000,2.740091,248800
1986-04-04,2.875000,2.875000,2.781250,2.812500,2.680524,171200
1986-04-07,2.812500,2.843750,2.781250,2.812500,2.680524,154800
1986-04-08,2.812500,3.000000,2.750000,2.968750,2.829442,373600
1986-04-09,2.968750,3.031250,2.937500,2.937500,2.799658,212400
1986-04-10,2.968750,3.187500,2.968750,3.156250,3.008143,194800
1986-04-11,3.156250,3.437500,3.125000,3.375000,3.216629,315600
1986-04-14,3.375000,3.375000,3.218750,3.281250,3.127278,72400
1986-04-15,3.281250,3.343750,3.281250,3.312500,3.157061,60000
1986-04-16,3.375000,3.531250,3.375000,3.500000,3.335763,281600
1986-04-17,3.500000,3.531250,3.468750,3.531250,3.365546,157200
1986-04-18,3.531250,3.531250,3.375000,3.406250,3.246412,142400
1986-04-21,3.406250,3.406250,3.343750,3.406250,3.246412,75200
1986-04-22,3.406250,3.406250,3.250000,3.250000,3.097494,74400
1986-04-23,3.250000,3.250000,3.156250,3.187500,3.037927,91600
1986-04-24,3.250000,3.343750,3.250000,3.281250,3.127278,324000
1986-04-25,3.281250,3.468750,3.281250,3.468750,3.305979,924800
1986-04-28,3.500000,3.875000,3.500000,3.750000,3.574032,390800
1986-04-29,3.750000,3.781250,3.687500,3.718750,3.544248,340800
1986-04-30,3.718750,3.781250,3.718750,3.750000,3.574032,152000
1986-05-01,3.750000,3.750000,3.625000,3.656250,3.484681,134800
1986-05-02,3.656250,3.750000,3.656250,3.656250,3.484681,51600
1986-05-05,3.656250,3.812500,3.656250,3.781250,3.603815,180800
1986-05-06,3.812500,3.906250,3.812500,3.875000,3.693166,246800
1986-05-07,3.875000,3.968750,3.875000,3.937500,3.752733,312400
1986-05-08,3.937500,4.093750,3.937500,4.062500,3.871868,451600
1986-05-09,4.062500,4.062500,3.937500,3.937500,3.752733,111600
1986-05-12,3.937500,3.937500,3.812500,3.875000,3.693166,245600
1986-05-13,3.875000,3.875000,3.812500,3.875000,3.693166,101200
1986-05-14,3.875000,3.968750,3.656250,3.750000,3.574032,326800
1986-05-15,3.750000,3.812500,3.562500,3.562500,3.395330,328800
1986-05-16,3.562500,3.562500,3.406250,3.437500,3.276196,83600
1986-05-19,3.437500,3.500000,3.375000,3.500000,3.335763,95600
1986-05-20,3.500000,3.500000,3.406250,3.468750,3.305979,55600
1986-05-21,3.468750,3.531250,3.437500,3.500000,3.335763,188800
1986-05-22,3.500000,3.593750,3.468750,3.593750,3.425114,321600
1986-05-23,3.593750,3.781250,3.562500,3.750000,3.574032,331200
1986-05-27,3.750000,3.781250,3.718750,3.781250,3.603815,112400
1986-05-28,3.781250,3.781250,3.750000,3.750000,3.574032,286400
1986-05-29,3.750000,3.781250,3.750000,3.750000,3.574032,232400
1986-05-30,3.750000,3.781250,3.718750,3.750000,3.574032,112000
1986-06-02,3.750000,3.781250,3.687500,3.687500,3.514464,330800
1986-06-03,3.656250,3.656250,3.500000,3.531250,3.365546,114800
1986-06-04,3.531250,3.593750,3.500000,3.500000,3.335763,19600
1986-06-05,3.500000,3.531250,3.468750,3.468750,3.305979,97200
1986-06-06,3.437500,3.437500,3.281250,3.312500,3.157061,439200
1986-06-09,3.312500,3.312500,3.125000,3.187500,3.037927,222000
1986-06-10,3.187500,3.218750,3.156250,3.156250,3.008143,85200
1986-06-11,3.156250,3.218750,3.156250,3.187500,3.037927,35200
1986-06-12,3.187500,3.218750,3.125000,3.156250,3.008143,66400
1986-06-13,3.156250,3.218750,3.156250,3.187500,3.037927,22000
1986-06-16,3.187500,3.187500,3.093750,3.125000,2.978360,52400
1986-06-17,3.125000,3.156250,2.843750,2.843750,2.710307,212800
1986-06-18,2.843750,2.875000,2.750000,2.875000,2.740091,330800
1986-06-19,2.875000,2.875000,2.843750,2.875000,2.740091,257600
1986-06-20,2.875000,2.875000,2.750000,2.812500,2.680524,200000
1986-06-23,2.781250,2.781250,2.687500,2.687500,2.561390,107200
1986-06-24,2.687500,2.750000,2.562500,2.625000,2.501822,100000
1986-06-25,2.625000,2.656250,2.562500,2.656250,2.531605,108800
1986-06-26,2.656250,2.687500,2.625000,2.656250,2.531605,84400
1986-06-27,2.656250,2.781250,2.656250,2.781250,2.650740,309200
1986-06-30,2.781250,2.937500,2.781250,2.937500,2.799658,416000
1986-07-01,2.968750,3.000000,2.968750,3.000000,2.859225,152000
1986-07-02,3.000000,3.031250,2.968750,3.000000,2.859225,34000
1986-07-03,3.000000,3.000000,2.812500,2.875000,2.740091,63200
1986-07-07,2.843750,2.843750,2.687500,2.750000,2.620956,157600
1986-07-08,2.718750,2.718750,2.562500,2.593750,2.472039,114800
1986-07-09,2.593750,2.718750,2.562500,2.625000,2.501822,86800
1986-07-10,2.625000,2.718750,2.500000,2.531250,2.412472,106800
1986-07-11,2.531250,2.531250,2.468750,2.468750,2.352904,186000
1986-07-14,2.468750,2.468750,2.218750,2.281250,2.174202,276400
1986-07-15,2.250000,2.250000,2.093750,2.125000,2.025285,311600
1986-07-16,2.125000,2.187500,2.093750,2.125000,2.025285,413600
1986-07-17,2.125000,2.187500,2.125000,2.187500,2.084852,165200
1986-07-18,2.187500,2.218750,2.125000,2.187500,2.084852,72800
1986-07-21,2.187500,2.250000,2.156250,2.250000,2.144419,185600
1986-07-22,2.250000,2.312500,2.218750,2.312500,2.203986,180400
1986-07-23,2.312500,2.375000,2.312500,2.375000,2.263553,198400
1986-07-24,2.375000,2.375000,2.218750,2.218750,2.114635,83200
1986-07-25,2.218750,2.250000,2.156250,2.156250,2.055068,94800
1986-07-28,2.156250,2.250000,2.093750,2.093750,1.995501,55200
1986-07-29,2.093750,2.156250,2.031250,2.062500,1.965717,122800
1986-07-30,2.062500,2.062500,1.937500,2.031250,1.935934,148400
1986-07-31,2.031250,2.187500,2.000000,2.156250,2.055068,202000
1986-08-01,2.156250,2.187500,2.125000,2.156250,2.055068,105600
1986-08-04,2.156250,2.187500,2.093750,2.125000,2.025285,53200
1986-08-05,2.125000,2.156250,2.093750,2.125000,2.025285,107600
1986-08-06,2.125000,2.156250,1.750000,1.937500,1.846583,454000
1986-08-07,1.937500,1.968750,1.812500,1.937500,1.846583,532000
1986-08-08,1.937500,1.937500,1.843750,1.843750,1.757232,441200
1986-08-11,1.843750,1.968750,1.843750,1.968750,1.876366,216800
1986-08-12,1.968750,2.062500,1.968750,2.031250,1.935934,309600
1986-08-13,2.031250,2.062500,2.000000,2.031250,1.935934,185600
1986-08-14,2.031250,2.062500,2.000000,2.062500,1.965717,155600
1986-08-15,2.062500,2.062500,2.031250,2.062500,1.965717,107600
1986-08-18,2.062500,2.062500,2.031250,2.062500,1.965717,142000
1986-08-19,2.062500,2.062500,2.031250,2.062500,1.965717,104000
1986-08-20,2.062500,2.062500,2.031250,2.062500,1.965717,269600
1986-08-21,2.062500,2.062500,2.031250,2.062500,1.965717,104000
1986-08-22,2.062500,2.062500,2.000000,2.062500,1.965717,249200
1986-08-25,2.062500,2.062500,2.031250,2.031250,1.935934,241200
1986-08-26,2.031250,2.250000,2.031250,2.250000,2.144419,424000
1986-08-27,2.250000,2.281250,2.218750,2.218750,2.114635,58400
1986-08-28,2.218750,2.281250,2.218750,2.281250,2.174202,112800
1986-08-29,2.281250,2.312500,2.218750,2.312500,2.203986,181200
1986-09-02,2.312500,2.375000,2.281250,2.343750,2.233770,182000
1986-09-03,2.343750,2.343750,2.281250,2.312500,2.203986,208800
1986-09-04,2.312500,2.406250,2.312500,2.343750,2.233770,241600
1986-09-05,2.343750,2.406250,2.312500,2.343750,2.233770,82000
1986-09-08,2.343750,2.375000,2.312500,2.312500,2.203986,55600
1986-09-09,2.312500,2.343750,2.312500,2.343750,2.233770,113600
1986-09-10,2.343750,2.343750,2.312500,2.343750,2.233770,62400
1986-09-11,2.312500,2.312500,2.218750,2.281250,2.174202,286400
1986-09-12,2.250000,2.250000,2.156250,2.187500,2.084852,47600
1986-09-15,2.187500,2.218750,2.156250,2.187500,2.084852,42800
1986-09-16,2.187500,2.218750,2.187500,2.187500,2.084852,79600
1986-09-17,2.187500,2.250000,2.187500,2.218750,2.114635,23600
1986-09-18,2.250000,2.437500,2.250000,2.437500,2.323121,92000
1986-09-19,2.375000,2.375000,2.312500,2.375000,2.263553,67200
1986-09-22,2.375000,2.375000,2.343750,2.343750,2.233770,14000
1986-09-23,2.343750,2.343750,2.250000,2.312500,2.203986,50800
1986-09-24,2.312500,2.343750,2.250000,2.250000,2.144419,2000
1986-09-25,2.250000,2.281250,2.250000,2.281250,2.174202,112400
1986-09-26,2.281250,2.281250,2.250000,2.281250,2.174202,74000
1986-09-29,2.281250,2.281250,2.250000,2.250000,2.144419,139600
1986-09-30,2.250000,2.281250,2.218750,2.218750,2.114635,115600
1986-10-01,2.218750,2.281250,2.218750,2.218750,2.114635,27200
1986-10-02,2.218750,2.218750,2.156250,2.187500,2.084852,67600
1986-10-03,2.187500,2.218750,2.156250,2.187500,2.084852,15200
1986-10-06,2.187500,2.218750,2.125000,2.125000,2.025285,75200
1986-10-07,2.125000,2.125000,2.093750,2.125000,2.025285,140400
1986-10-08,2.125000,2.125000,2.062500,2.062500,1.965717,44800
1986-10-09,2.062500,2.093750,2.062500,2.062500,1.965717,72000
1986-10-10,2.062500,2.062500,2.000000,2.031250,1.935934,137200
1986-10-13,2.000000,2.000000,2.000000,2.000000,1.906150,7600
1986-10-14,2.000000,2.062500,2.000000,2.000000,1.906150,115600
1986-10-15,2.000000,2.031250,1.968750,2.000000,1.906150,29600
1986-10-16,2.000000,2.062500,2.000000,2.000000,1.906150,6400
1986-10-17,2.000000,2.062500,2.000000,2.000000,1.906150,17600
1986-10-20,2.000000,2.062500,2.000000,2.000000,1.906150,25600
1986-10-21,2.000000,2.062500,2.000000,2.000000,1.906150,40000
1986-10-22,2.000000,2.062500,2.000000,2.031250,1.935934,122400
1986-10-23,2.062500,2.093750,2.062500,2.093750,1.995501,96800
1986-10-24,2.062500,2.062500,2.031250,2.062500,1.965717,224800
1986-10-27,2.062500,2.093750,2.000000,2.031250,1.935934,219200
1986-10-28,2.031250,2.062500,2.031250,2.031250,1.935934,15600
1986-10-29,2.031250,2.093750,2.031250,2.062500,1.965717,169200
1986-10-30,2.093750,2.218750,2.093750,2.156250,2.055068,165600
1986-10-31,2.156250,2.218750,2.156250,2.156250,2.055068,80400
1986-11-03,2.156250,2.187500,2.125000,2.125000,2.025285,30000
1986-11-04,2.125000,2.125000,2.093750,2.093750,1.995501,76800
1986-11-05,2.093750,2.125000,2.062500,2.093750,1.995501,193600
1986-11-06,2.093750,2.125000,2.062500,2.093750,1.995501,144000
1986-11-07,2.093750,2.093750,2.031250,2.062500,1.965717,164800
1986-11-10,2.062500,2.062500,2.031250,2.031250,1.935934,104000
1986-11-11,2.031250,2.093750,2.031250,2.031250,1.935934,12800
1986-11-12,2.031250,2.062500,2.031250,2.062500,1.965717,71200
1986-11-13,2.062500,2.062500,2.000000,2.062500,1.965717,55200
1986-11-14,2.062500,2.062500,2.031250,2.062500,1.965717,26800
1986-11-17,2.062500,2.062500,2.000000,2.000000,1.906150,52400
1986-11-18,2.000000,2.062500,1.968750,1.968750,1.876366,68000
1986-11-19,1.968750,2.000000,1.937500,2.000000,1.906150,30000
1986-11-20,2.000000,2.000000,1.968750,1.968750,1.876366,104400
1986-11-21,1.968750,1.968750,1.968750,1.968750,1.876366,14400
1986-11-24,1.968750,2.000000,1.937500,1.968750,1.876366,37600
1986-11-25,1.968750,2.000000,1.875000,1.906250,1.816799,111600
1986-11-26,1.906250,1.968750,1.906250,1.906250,1.816799,67600
1986-11-28,1.906250,1.968750,1.906250,1.937500,1.846583,48400
1986-12-01,1.937500,1.968750,1.906250,1.968750,1.876366,69200
1986-12-02,1.968750,2.093750,1.968750,2.093750,1.995501,187200
1986-12-03,2.093750,2.125000,2.062500,2.125000,2.025285,66400
1986-12-04,2.125000,2.250000,2.093750,2.218750,2.114635,150400
1986-12-05,2.218750,2.343750,2.218750,2.312500,2.203986,201200
1986-12-08,2.312500,2.343750,2.250000,2.281250,2.174202,102400
1986-12-09,2.281250,2.343750,2.281250,2.312500,2.203986,124400
1986-12-10,2.312500,2.312500,2.250000,2.312500,2.203986,52800
1986-12-11,2.312500,2.312500,2.218750,2.218750,2.114635,85600
1986-12-12,2.218750,2.218750,2.031250,2.062500,1.965717,148000
1986-12-15,2.062500,2.062500,2.000000,2.000000,1.906150,58400
1986-12-16,2.000000,2.031250,1.937500,2.000000,1.906150,77200
1986-12-17,2.000000,2.031250,1.937500,1.937500,1.846583,60000
1986-12-18,1.937500,2.000000,1.937500,1.937500,1.846583,189600
1986-12-19,1.937500,2.031250,1.937500,2.031250,1.935934,159200
1986-12-22,2.031250,2.031250,1.968750,1.968750,1.876366,138400
1986-12-23,1.968750,2.031250,1.968750,1.968750,1.876366,131200
1986-12-24,1.968750,2.031250,1.968750,2.000000,1.906150,65600
1986-12-26,2.000000,2.031250,1.968750,1.968750,1.876366,54400
1986-12-29,1.968750,2.000000,1.937500,1.937500,1.846583,90000
1986-12-30,1.937500,2.000000,1.937500,1.937500,1.846583,120400
1986-12-31,1.937500,1.937500,1.812500,1.812500,1.727449,224800
1987-01-02,1.812500,1.906250,1.781250,1.906250,1.816799,146400
1987-01-05,1.906250,1.968750,1.906250,1.937500,1.846583,97600
1987-01-06,1.937500,1.968750,1.906250,1.906250,1.816799,60000
1987-01-07,1.906250,1.968750,1.906250,1.937500,1.846583,83600
1987-01-08,1.937500,2.156250,1.906250,2.156250,2.055068,335200
1987-01-09,2.156250,2.250000,2.125000,2.250000,2.144419,127600
1987-01-12,2.250000,2.312500,2.250000,2.250000,2.144419,75600
1987-01-13,2.281250,2.375000,2.281250,2.343750,2.233770,98400
1987-01-14,2.343750,2.625000,2.343750,2.625000,2.501822,1590400
1987-01-15,2.625000,2.625000,2.531250,2.531250,2.412472,432400
1987-01-16,2.531250,2.531250,2.343750,2.343750,2.233770,141600
1987-01-19,2.343750,2.375000,2.281250,2.343750,2.233770,263600
1987-01-20,2.343750,2.406250,2.343750,2.375000,2.263553,102000
1987-01-21,2.343750,2.343750,2.281250,2.343750,2.233770,282800
1987-01-22,2.343750,2.343750,2.250000,2.312500,2.203986,84400
1987-01-23,2.312500,2.343750,2.125000,2.187500,2.084852,383600
1987-01-26,2.156250,2.156250,2.062500,2.062500,1.965717,231600
1987-01-27,2.062500,2.125000,2.062500,2.125000,2.025285,218400
1987-01-28,2.125000,2.156250,2.062500,2.156250,2.055068,233200
1987-01-29,2.156250,2.156250,2.093750,2.093750,1.995501,170400
1987-01-30,2.093750,2.125000,2.062500,2.093750,1.995501,137600
1987-02-02,2.093750,2.406250,2.093750,2.406250,2.293337,556800
1987-02-03,2.437500,2.781250,2.437500,2.781250,2.650740,678400
1987-02-04,2.781250,2.843750,2.656250,2.718750,2.591173,540000
1987-02-05,2.718750,2.781250,2.687500,2.718750,2.591173,126800
1987-02-06,2.718750,2.750000,2.562500,2.593750,2.472039,202000
1987-02-09,2.593750,2.656250,2.562500,2.656250,2.531605,65600
1987-02-10,2.656250,2.656250,2.593750,2.625000,2.501822,109600
1987-02-11,2.625000,2.750000,2.625000,2.718750,2.591173,181200
1987-02-12,2.718750,2.812500,2.656250,2.781250,2.650740,422400
1987-02-13,2.781250,2.781250,2.687500,2.718750,2.591173,244400
1987-02-17,2.718750,2.750000,2.656250,2.750000,2.620956,189200
1987-02-18,2.750000,2.750000,2.656250,2.656250,2.531605,95200
1987-02-19,2.656250,2.718750,2.656250,2.656250,2.531605,20400
1987-02-20,2.656250,2.687500,2.625000,2.656250,2.531605,140000
1987-02-23,2.656250,2.656250,2.593750,2.625000,2.501822,55200
1987-02-24,2.656250,2.937500,2.656250,2.906250,2.769875,458800
1987-02-25,2.906250,2.937500,2.812500,2.812500,2.680524,117600
1987-02-26,2.812500,2.937500,2.812500,2.812500,2.680524,232400
1987-02-27,2.812500,2.812500,2.656250,2.687500,2.561390,184800
1987-03-02,2.687500,2.687500,2.625000,2.625000,2.501822,49600
1987-03-03,2.625000,2.718750,2.625000,2.687500,2.561390,112400
1987-03-04,2.687500,2.718750,2.656250,2.687500,2.561390,507200
1987-03-05,2.687500,2.718750,2.687500,2.718750,2.591173,102800
1987-03-06,2.718750,2.750000,2.718750,2.750000,2.620956,102800
1987-03-09,2.750000,2.750000,2.718750,2.750000,2.620956,148000
1987-03-10,2.750000,2.781250,2.718750,2.750000,2.620956,26800
1987-03-11,2.781250,2.937500,2.781250,2.875000,2.740091,234400
1987-03-12,2.875000,2.937500,2.843750,2.843750,2.710307,104400
1987-03-13,2.843750,2.906250,2.812500,2.875000,2.740091,174000
1987-03-16,2.875000,2.875000,2.843750,2.875000,2.740091,38400
1987-03-17,2.875000,2.906250,2.843750,2.875000,2.740091,16400
1987-03-18,2.875000,2.937500,2.875000,2.906250,2.769875,72400
1987-03-19,2.906250,2.906250,2.875000,2.906250,2.769875,70800
1987-03-20,2.906250,3.187500,2.906250,3.093750,2.948576,694000
1987-03-23,3.093750,3.093750,3.031250,3.093750,2.948576,216000
1987-03-24,3.093750,3.093750,3.031250,3.062500,2.918792,62000
1987-03-25,3.062500,3.125000,3.031250,3.093750,2.948576,106400
1987-03-26,3.093750,3.156250,3.093750,3.156250,3.008143,90800
1987-03-27,3.156250,3.250000,3.125000,3.218750,3.067710,179200
1987-03-30,3.218750,3.218750,3.093750,3.125000,2.978360,162400
1987-03-31,3.125000,3.125000,3.093750,3.125000,2.978360,192800
1987-04-01,3.125000,3.125000,3.000000,3.031250,2.889009,227200
1987-04-02,3.062500,3.093750,3.062500,3.093750,2.948576,124000
1987-04-03,3.093750,3.156250,3.093750,3.156250,3.008143,174000
1987-04-06,3.156250,3.218750,3.156250,3.218750,3.067710,230000
1987-04-07,3.218750,3.218750,3.062500,3.093750,2.948576,443200
1987-04-08,3.093750,3.156250,3.062500,3.125000,2.978360,44400
1987-04-09,3.125000,3.156250,3.093750,3.125000,2.978360,93600
1987-04-10,3.125000,3.156250,3.125000,3.125000,2.978360,79200
1987-04-13,3.125000,3.156250,3.062500,3.156250,3.008143,58800
1987-04-14,3.125000,3.125000,2.906250,2.937500,2.799658,120800
1987-04-15,2.937500,2.968750,2.843750,2.843750,2.710307,79600
1987-04-16,2.843750,2.906250,2.843750,2.906250,2.769875,42000
1987-04-20,2.906250,2.906250,2.718750,2.718750,2.591173,142000
1987-04-21,2.718750,2.718750,2.562500,2.656250,2.531605,134400
1987-04-22,2.656250,2.687500,2.593750,2.625000,2.501822,36400
1987-04-23,2.593750,2.593750,2.531250,2.562500,2.442255,44800
1987-04-24,2.562500,2.562500,2.406250,2.468750,2.352904,105600
1987-04-27,2.468750,2.468750,2.375000,2.437500,2.323121,86400
1987-04-28,2.437500,2.500000,2.437500,2.500000,2.382688,256000
1987-04-29,2.500000,2.750000,2.468750,2.687500,2.561390,2022000
1987-04-30,2.687500,2.812500,2.687500,2.750000,2.620956,498800
1987-05-01,2.750000,2.812500,2.718750,2.812500,2.680524,1062000
1987-05-04,2.812500,2.875000,2.812500,2.875000,2.740091,672800
1987-05-05,2.875000,2.968750,2.875000,2.968750,2.829442,183200
1987-05-06,2.968750,3.125000,2.968750,3.062500,2.918792,691200
1987-05-07,3.062500,3.125000,3.062500,3.125000,2.978360,200800
1987-05-08,3.125000,3.187500,3.093750,3.187500,3.037927,60800
1987-05-11,3.187500,3.343750,3.125000,3.187500,3.037927,360000
1987-05-12,3.187500,3.218750,3.125000,3.187500,3.037927,164000
1987-05-13,3.187500,3.218750,3.125000,3.156250,3.008143,328800
1987-05-14,3.156250,3.218750,3.156250,3.218750,3.067710,100000
1987-05-15,3.218750,3.218750,3.156250,3.187500,3.037927,134800
1987-05-18,3.187500,3.218750,3.156250,3.187500,3.037927,156800
1987-05-19,3.187500,3.187500,3.093750,3.093750,2.948576,69200
1987-05-20,3.093750,3.093750,3.000000,3.000000,2.859225,119600
1987-05-21,3.000000,3.093750,3.000000,3.093750,2.948576,125200
1987-05-22,3.093750,3.125000,3.062500,3.125000,2.978360,28400
1987-05-26,3.125000,3.250000,3.062500,3.250000,3.097494,211200
1987-05-27,3.250000,3.343750,3.250000,3.343750,3.186845,119200
1987-05-28,3.343750,3.375000,3.281250,3.312500,3.157061,53200
1987-05-29,3.343750,3.468750,3.343750,3.406250,3.246412,172800
1987-06-01,3.406250,3.406250,3.375000,3.406250,3.246412,110000
1987-06-02,3.406250,3.406250,3.312500,3.312500,3.157061,275200
1987-06-03,3.312500,3.343750,3.125000,3.125000,2.978360,158400
1987-06-04,3.125000,3.218750,3.031250,3.218750,3.067710,113600
1987-06-05,3.250000,3.343750,3.250000,3.281250,3.127278,310000
1987-06-08,3.281250,3.281250,3.218750,3.218750,3.067710,88400
1987-06-09,3.218750,3.281250,3.218750,3.218750,3.067710,137600
1987-06-10,3.218750,3.250000,3.156250,3.187500,3.037927,80400
1987-06-11,3.187500,3.187500,3.031250,3.125000,2.978360,396400
1987-06-12,3.125000,3.125000,3.093750,3.125000,2.978360,14800
1987-06-15,3.125000,3.125000,3.000000,3.062500,2.918792,96400
1987-06-16,3.031250,3.031250,2.937500,2.937500,2.799658,159600
1987-06-17,2.937500,3.000000,2.937500,3.000000,2.859225,196800
1987-06-18,3.000000,3.000000,2.937500,3.000000,2.859225,82800
1987-06-19,3.000000,3.031250,2.937500,3.000000,2.859225,577200
1987-06-22,3.000000,3.000000,2.937500,2.937500,2.799658,45600
1987-06-23,2.937500,3.000000,2.750000,2.875000,2.740091,1122000
1987-06-24,2.875000,2.875000,2.843750,2.843750,2.710307,64000
1987-06-25,2.843750,2.875000,2.812500,2.875000,2.740091,117600
1987-06-26,2.875000,2.875000,2.625000,2.656250,2.531605,156400
1987-06-29,2.656250,2.718750,2.625000,2.718750,2.591173,161600
1987-06-30,2.718750,2.718750,2.625000,2.687500,2.561390,34000
1987-07-01,2.687500,2.687500,2.625000,2.625000,2.501822,305600
1987-07-02,2.625000,2.718750,2.625000,2.687500,2.561390,182800
1987-07-06,2.687500,2.687500,2.468750,2.500000,2.382688,904000
1987-07-07,2.500000,2.687500,2.468750,2.687500,2.561390,237200
1987-07-08,2.687500,2.687500,2.625000,2.656250,2.531605,39200
1987-07-09,2.656250,2.656250,2.593750,2.593750,2.472039,22800
1987-07-10,2.593750,2.656250,2.593750,2.656250,2.531605,14400
1987-07-13,2.656250,2.656250,2.593750,2.625000,2.501822,392000
1987-07-14,2.625000,2.718750,2.625000,2.718750,2.591173,299600
1987-07-15,2.718750,2.750000,2.687500,2.750000,2.620956,620000
1987-07-16,2.750000,2.875000,2.718750,2.875000,2.740091,120800
1987-07-17,2.875000,3.000000,2.875000,3.000000,2.859225,891200
1987-07-20,3.000000,3.000000,2.906250,2.906250,2.769875,73200
1987-07-21,2.906250,2.906250,2.843750,2.843750,2.710307,51600
1987-07-22,2.843750,2.875000,2.812500,2.812500,2.680524,10400
1987-07-23,2.812500,2.875000,2.812500,2.875000,2.740091,30800
1987-07-24,2.875000,2.906250,2.843750,2.906250,2.769875,23200
1987-07-27,2.906250,2.906250,2.875000,2.875000,2.740091,16400
1987-07-28,2.875000,2.906250,2.875000,2.875000,2.740091,18400
1987-07-29,2.875000,3.000000,2.875000,2.937500,2.799658,84000
1987-07-30,3.000000,3.187500,3.000000,3.187500,3.037927,162400
1987-07-31,3.187500,3.218750,3.125000,3.125000,2.978360,168400
1987-08-03,3.093750,3.093750,2.906250,2.906250,2.769875,206800
1987-08-04,2.875000,2.875000,2.625000,2.687500,2.561390,658000
1987-08-05,2.687500,2.843750,2.687500,2.843750,2.710307,391600
1987-08-06,2.843750,3.156250,2.812500,3.156250,3.008143,530400
1987-08-07,3.156250,3.437500,3.125000,3.281250,3.127278,980400
1987-08-10,3.281250,3.312500,3.218750,3.250000,3.097494,264000
1987-08-11,3.250000,3.281250,3.187500,3.187500,3.037927,252000
1987-08-12,3.187500,3.312500,3.156250,3.250000,3.097494,490000
1987-08-13,3.250000,3.312500,3.250000,3.281250,3.127278,190000
1987-08-14,3.281250,3.343750,3.250000,3.281250,3.127278,532800
1987-08-17,3.281250,3.437500,3.281250,3.437500,3.276196,431600
1987-08-18,3.437500,3.468750,3.250000,3.343750,3.186845,502800
1987-08-19,3.343750,3.406250,3.312500,3.343750,3.186845,132400
1987-08-20,3.375000,3.625000,3.375000,3.562500,3.395330,407600
1987-08-21,3.593750,3.718750,3.593750,3.656250,3.484681,546400
1987-08-24,3.656250,3.687500,3.562500,3.562500,3.395330,282000
1987-08-25,3.562500,3.687500,3.562500,3.656250,3.484681,311600
1987-08-26,3.656250,3.656250,3.593750,3.593750,3.425114,150400
1987-08-27,3.593750,3.656250,3.593750,3.625000,3.454897,127600
1987-08-28,3.625000,3.812500,3.625000,3.812500,3.633599,331200
1987-08-31,3.812500,3.937500,3.812500,3.937500,3.752733,283600
1987-09-01,3.906250,3.906250,3.843750,3.843750,3.663383,201600
1987-09-02,3.812500,3.812500,3.625000,3.687500,3.514464,265200
1987-09-03,3.687500,3.750000,3.562500,3.593750,3.425114,184400
1987-09-04,3.593750,3.593750,3.500000,3.500000,3.335763,128800
1987-09-08,3.500000,3.500000,3.250000,3.343750,3.186845,227600
1987-09-09,3.375000,3.812500,3.375000,3.750000,3.574032,593600
1987-09-10,3.750000,3.843750,3.750000,3.750000,3.574032,212000
1987-09-11,3.750000,4.000000,3.750000,3.937500,3.752733,304000
1987-09-14,3.937500,4.093750,3.906250,4.093750,3.901652,545600
1987-09-15,4.062500,4.062500,3.968750,4.062500,3.871868,184000
1987-09-16,4.062500,4.093750,3.968750,3.968750,3.782517,264800
1987-09-17,3.968750,4.062500,3.968750,4.000000,3.812300,128800
1987-09-18,4.000000,4.000000,3.843750,3.906250,3.722950,155200
1987-09-21,3.906250,3.906250,3.812500,3.875000,3.693166,272400
1987-09-22,3.875000,3.968750,3.718750,3.968750,3.782517,205600
1987-09-23,3.968750,4.062500,3.937500,4.031250,3.842084,129600
1987-09-24,4.031250,4.156250,4.000000,4.062500,3.871868,234000
1987-09-25,4.062500,4.187500,4.062500,4.125000,3.931435,523600
1987-09-28,4.125000,4.218750,4.000000,4.000000,3.812300,236400
1987-09-29,4.000000,4.062500,3.968750,4.062500,3.871868,96400
1987-09-30,4.000000,4.000000,3.875000,3.968750,3.782517,235600
1987-10-01,3.968750,4.125000,3.937500,4.062500,3.871868,166800
1987-10-02,4.125000,4.250000,4.125000,4.250000,4.050570,360400
1987-10-05,4.250000,4.281250,4.125000,4.125000,3.931435,243600
1987-10-06,4.125000,4.187500,4.093750,4.093750,3.901652,136800
1987-10-07,4.062500,4.062500,4.000000,4.031250,3.842084,68000
1987-10-08,4.031250,4.062500,3.906250,3.937500,3.752733,226400
1987-10-09,3.937500,3.968750,3.750000,3.781250,3.603815,271200
1987-10-12,3.750000,3.750000,3.562500,3.656250,3.484681,204000
1987-10-13,3.656250,3.687500,3.593750,3.687500,3.514464,240000
1987-10-14,3.687500,3.687500,3.625000,3.625000,3.454897,68800
1987-10-15,3.625000,3.625000,3.531250,3.562500,3.395330,88400
1987-10-16,3.562500,3.625000,3.281250,3.343750,3.186845,290400
1987-10-19,3.187500,3.187500,2.437500,2.562500,2.442255,373600
1987-10-20,2.562500,2.625000,2.000000,2.031250,1.935934,526000
1987-10-21,2.125000,2.500000,2.125000,2.500000,2.382688,574000
1987-10-22,2.468750,2.468750,2.156250,2.281250,2.174202,544000
1987-10-23,2.281250,2.312500,2.093750,2.125000,2.025285,784800
1987-10-26,2.125000,2.125000,1.593750,1.625000,1.548747,390400
1987-10-27,1.625000,1.750000,1.500000,1.531250,1.459396,580400
1987-10-28,1.531250,1.687500,1.375000,1.562500,1.489180,640000
1987-10-29,1.656250,1.875000,1.656250,1.843750,1.757232,253200
1987-10-30,1.875000,2.156250,1.875000,2.156250,2.055068,245600
1987-11-02,2.156250,2.312500,2.093750,2.156250,2.055068,433600
1987-11-03,2.156250,2.156250,1.937500,1.937500,1.846583,205600
1987-11-04,1.937500,1.937500,1.843750,1.875000,1.787016,345600
1987-11-05,1.937500,2.156250,1.937500,2.093750,1.995501,394800
1987-11-06,2.093750,2.125000,1.968750,1.968750,1.876366,164400
1987-11-09,1.968750,1.968750,1.843750,1.906250,1.816799,203200
1987-11-10,1.906250,1.968750,1.812500,1.875000,1.787016,179600
1987-11-11,1.875000,2.000000,1.843750,1.906250,1.816799,332800
1987-11-12,1.937500,2.031250,1.937500,2.000000,1.906150,135200
1987-11-13,2.000000,2.031250,1.968750,2.031250,1.935934,16000
1987-11-16,2.031250,2.031250,1.968750,1.968750,1.876366,51200
1987-11-17,1.968750,1.968750,1.781250,1.812500,1.727449,153200
1987-11-18,1.812500,1.843750,1.718750,1.812500,1.727449,97600
1987-11-19,1.812500,1.843750,1.781250,1.781250,1.697665,46800
1987-11-20,1.781250,1.781250,1.750000,1.781250,1.697665,123200
1987-11-23,1.781250,1.781250,1.687500,1.750000,1.667881,128400
1987-11-24,1.750000,1.812500,1.687500,1.781250,1.697665,244400
1987-11-25,1.781250,1.812500,1.718750,1.812500,1.727449,216400
1987-11-27,1.812500,1.812500,1.750000,1.750000,1.667881,51600
1987-11-30,1.750000,1.750000,1.562500,1.625000,1.548747,219600
1987-12-01,1.656250,1.750000,1.656250,1.750000,1.667881,196400
1987-12-02,1.750000,1.812500,1.656250,1.750000,1.667881,179200
1987-12-03,1.718750,1.718750,1.562500,1.625000,1.548747,158000
1987-12-04,1.593750,1.593750,1.500000,1.531250,1.459396,154400
1987-12-07,1.531250,1.625000,1.531250,1.593750,1.518963,200000
1987-12-08,1.593750,1.593750,1.500000,1.562500,1.489180,244800
1987-12-09,1.562500,1.718750,1.562500,1.687500,1.608314,186400
1987-12-10,1.687500,1.718750,1.562500,1.687500,1.608314,330800
1987-12-11,1.687500,1.718750,1.625000,1.718750,1.638098,253600
1987-12-14,1.718750,1.875000,1.687500,1.843750,1.757232,245200
1987-12-15,1.875000,1.968750,1.875000,1.906250,1.816799,259600
1987-12-16,1.906250,2.000000,1.906250,2.000000,1.906150,243200
1987-12-17,2.000000,2.125000,1.968750,1.968750,1.876366,204400
1987-12-18,1.968750,2.093750,1.968750,2.031250,1.935934,177200
1987-12-21,2.031250,2.125000,2.000000,2.093750,1.995501,302800
1987-12-22,2.062500,2.062500,1.937500,1.937500,1.846583,492400
1987-12-23,1.937500,2.000000,1.937500,2.000000,1.906150,242000
1987-12-24,2.000000,2.000000,1.968750,1.968750,1.876366,190800
1987-12-28,1.937500,1.937500,1.843750,1.843750,1.757232,72800
1987-12-29,1.843750,1.937500,1.843750,1.875000,1.787016,110000
1987-12-30,1.875000,2.031250,1.875000,2.031250,1.935934,144400
1987-12-31,2.031250,2.031250,1.937500,1.968750,1.876366,76000
1988-01-04,1.968750,2.156250,1.968750,2.125000,2.025285,99600
1988-01-05,2.125000,2.250000,2.125000,2.125000,2.025285,294800
1988-01-06,2.125000,2.156250,2.093750,2.093750,1.995501,36400
1988-01-07,2.093750,2.156250,2.000000,2.093750,1.995501,54800
1988-01-08,2.093750,2.125000,1.968750,2.000000,1.906150,150000
1988-01-11,2.000000,2.031250,1.906250,2.031250,1.935934,210000
1988-01-12,2.000000,2.000000,1.875000,1.906250,1.816799,64000
1988-01-13,1.906250,1.937500,1.781250,1.906250,1.816799,114800
1988-01-14,1.968750,2.062500,1.968750,1.968750,1.876366,107600
1988-01-15,1.968750,2.125000,1.937500,2.000000,1.906150,122000
1988-01-18,2.000000,2.000000,1.937500,1.937500,1.846583,12800
1988-01-19,1.937500,1.968750,1.906250,1.968750,1.876366,132400
1988-01-20,1.937500,1.937500,1.843750,1.875000,1.787016,106800
1988-01-21,1.875000,1.875000,1.781250,1.781250,1.697665,46000
1988-01-22,1.812500,1.875000,1.812500,1.875000,1.787016,103600
1988-01-25,1.875000,1.906250,1.843750,1.875000,1.787016,62800
1988-01-26,1.875000,1.906250,1.875000,1.875000,1.787016,38800
1988-01-27,1.875000,1.906250,1.875000,1.906250,1.816799,16800
1988-01-28,1.906250,1.968750,1.875000,1.968750,1.876366,46800
1988-01-29,1.968750,2.000000,1.937500,2.000000,1.906150,28800
1988-02-01,2.000000,2.093750,2.000000,2.062500,1.965717,75200
1988-02-02,2.000000,2.000000,1.937500,1.937500,1.846583,91600
1988-02-03,1.937500,2.031250,1.937500,1.937500,1.846583,47200
1988-02-04,1.937500,2.000000,1.906250,1.937500,1.846583,118000
1988-02-05,1.937500,2.000000,1.937500,1.968750,1.876366,41200
1988-02-08,1.968750,1.968750,1.906250,1.968750,1.876366,25200
1988-02-09,1.968750,1.968750,1.906250,1.906250,1.816799,7600
1988-02-10,1.937500,2.125000,1.937500,2.062500,1.965717,66000
1988-02-11,2.062500,2.125000,2.031250,2.093750,1.995501,139600
1988-02-12,2.093750,2.125000,2.031250,2.093750,1.995501,142400
1988-02-16,2.031250,2.031250,1.937500,2.000000,1.906150,106800
1988-02-17,2.000000,2.125000,1.968750,2.062500,1.965717,317600
1988-02-18,2.093750,2.281250,2.093750,2.187500,2.084852,178400
1988-02-19,2.187500,2.312500,2.187500,2.250000,2.144419,149200
1988-02-22,2.250000,2.375000,2.218750,2.343750,2.233770,118800
1988-02-23,2.343750,2.406250,2.281250,2.312500,2.203986,224000
1988-02-24,2.312500,2.343750,2.250000,2.312500,2.203986,125600
1988-02-25,2.312500,2.562500,2.281250,2.375000,2.263553,420400
1988-02-26,2.375000,2.468750,2.375000,2.468750,2.352904,38800
1988-02-29,2.468750,2.468750,2.406250,2.437500,2.323121,378400
1988-03-01,2.437500,2.468750,2.406250,2.437500,2.323121,301200
1988-03-02,2.437500,2.531250,2.437500,2.468750,2.352904,168000
1988-03-03,2.468750,2.656250,2.468750,2.593750,2.472039,502400
1988-03-04,2.593750,2.593750,2.500000,2.531250,2.412472,484800
1988-03-07,2.531250,2.562500,2.500000,2.562500,2.442255,154400
1988-03-08,2.562500,2.562500,2.468750,2.468750,2.352904,136400
1988-03-09,2.468750,2.531250,2.468750,2.500000,2.382688,90000
1988-03-10,2.500000,2.656250,2.468750,2.468750,2.352904,266800
1988-03-11,2.468750,2.468750,2.375000,2.437500,2.323121,316800
1988-03-14,2.437500,2.468750,2.375000,2.406250,2.293337,103200
1988-03-15,2.406250,2.468750,2.406250,2.437500,2.323121,75200
1988-03-16,2.437500,2.500000,2.437500,2.468750,2.352904,112400
1988-03-17,2.468750,2.562500,2.468750,2.531250,2.412472,167600
1988-03-18,2.531250,2.531250,2.406250,2.406250,2.293337,312000
1988-03-21,2.406250,2.437500,2.375000,2.437500,2.323121,158000
1988-03-22,2.437500,2.437500,2.406250,2.406250,2.293337,8800
1988-03-23,2.406250,2.437500,2.343750,2.343750,2.233770,212400
1988-03-24,2.312500,2.312500,2.093750,2.187500,2.084852,177200
1988-03-25,2.187500,2.187500,2.125000,2.156250,2.055068,171600
1988-03-28,2.125000,2.125000,2.031250,2.062500,1.965717,199200
1988-03-29,2.093750,2.187500,2.093750,2.125000,2.025285,141600
1988-03-30,2.125000,2.218750,2.125000,2.187500,2.084852,241600
1988-03-31,2.187500,2.343750,2.156250,2.312500,2.203986,108400
1988-04-04,2.312500,2.343750,2.250000,2.250000,2.144419,172000
1988-04-05,2.250000,2.312500,2.250000,2.250000,2.144419,29600
1988-04-06,2.250000,2.437500,2.250000,2.406250,2.293337,118000
1988-04-07,2.406250,2.500000,2.406250,2.500000,2.382688,143600
1988-04-08,2.500000,2.531250,2.468750,2.531250,2.412472,100800
1988-04-11,2.531250,2.562500,2.531250,2.531250,2.412472,99600
1988-04-12,2.593750,2.750000,2.593750,2.593750,2.472039,365600
1988-04-13,2.593750,2.656250,2.468750,2.531250,2.412472,278400
1988-04-14,2.500000,2.500000,2.375000,2.375000,2.263553,261200
1988-04-15,2.375000,2.531250,2.343750,2.500000,2.382688,159200
1988-04-18,2.500000,2.531250,2.437500,2.500000,2.382688,80800
1988-04-19,2.500000,2.531250,2.500000,2.500000,2.382688,169200
1988-04-20,2.500000,2.500000,2.406250,2.468750,2.352904,74400
1988-04-21,2.468750,2.500000,2.406250,2.406250,2.293337,168400
1988-04-22,2.406250,2.437500,2.406250,2.437500,2.323121,33600
1988-04-25,2.437500,2.468750,2.406250,2.468750,2.352904,20400
1988-04-26,2.468750,2.562500,2.437500,2.562500,2.442255,253600
1988-04-27,2.562500,2.625000,2.562500,2.593750,2.472039,141200
1988-04-28,2.593750,2.625000,2.562500,2.625000,2.501822,277600
1988-04-29,2.625000,2.625000,2.593750,2.593750,2.472039,180400
1988-05-02,2.593750,2.625000,2.593750,2.593750,2.472039,125600
1988-05-03,2.593750,2.625000,2.593750,2.625000,2.501822,54800
1988-05-04,2.625000,2.625000,2.562500,2.593750,2.472039,126400
1988-05-05,2.593750,2.593750,2.531250,2.593750,2.472039,18800
1988-05-06,2.593750,2.593750,2.531250,2.531250,2.412472,343600
1988-05-09,2.531250,2.531250,2.406250,2.406250,2.293337,98000
1988-05-10,2.406250,2.406250,2.312500,2.375000,2.263553,188800
1988-05-11,2.375000,2.437500,2.312500,2.437500,2.323121,240000
1988-05-12,2.437500,2.531250,2.406250,2.531250,2.412472,94800
1988-05-13,2.531250,2.593750,2.500000,2.531250,2.412472,206000
1988-05-16,2.531250,2.531250,2.500000,2.500000,2.382688,26400
1988-05-17,2.500000,2.562500,2.437500,2.437500,2.323121,86400
1988-05-18,2.437500,2.468750,2.375000,2.437500,2.323121,141600
1988-05-19,2.375000,2.375000,2.312500,2.343750,2.233770,61600
1988-05-20,2.343750,2.375000,2.312500,2.375000,2.263553,28000
1988-05-23,2.375000,2.375000,2.156250,2.218750,2.114635,120400
1988-05-24,2.218750,2.281250,2.218750,2.250000,2.144419,103200
1988-05-25,2.250000,2.312500,2.250000,2.312500,2.203986,27200
1988-05-26,2.312500,2.312500,2.281250,2.281250,2.174202,28000
1988-05-27,2.281250,2.375000,2.281250,2.343750,2.233770,64400
1988-05-31,2.343750,2.562500,2.343750,2.500000,2.382688,148000
1988-06-01,2.531250,2.687500,2.531250,2.656250,2.531605,157200
1988-06-02,2.656250,2.656250,2.531250,2.625000,2.501822,212000
1988-06-03,2.625000,2.687500,2.593750,2.687500,2.561390,177200
1988-06-06,2.687500,2.750000,2.656250,2.718750,2.591173,78800
1988-06-07,2.750000,2.906250,2.750000,2.812500,2.680524,490800
1988-06-08,2.812500,2.843750,2.781250,2.781250,2.650740,165600
1988-06-09,2.781250,3.000000,2.781250,2.937500,2.799658,407600
1988-06-10,2.937500,2.937500,2.875000,2.906250,2.769875,594400
1988-06-13,2.906250,2.937500,2.875000,2.937500,2.799658,90400
1988-06-14,2.937500,3.062500,2.937500,2.968750,2.829442,492400
1988-06-15,3.000000,3.218750,3.000000,3.187500,3.037927,334400
1988-06-16,3.156250,3.156250,3.031250,3.156250,3.008143,400400
1988-06-17,3.156250,3.343750,3.093750,3.281250,3.127278,1005600
1988-06-20,3.281250,3.281250,3.156250,3.156250,3.008143,455200
1988-06-21,3.218750,3.406250,3.218750,3.375000,3.216629,775600
1988-06-22,3.375000,3.468750,3.250000,3.250000,3.097494,441600
1988-06-23,3.250000,3.312500,3.250000,3.250000,3.097494,250000
1988-06-24,3.250000,3.312500,3.250000,3.281250,3.127278,134400
1988-06-27,3.281250,3.312500,3.218750,3.281250,3.127278,224800
1988-06-28,3.250000,3.250000,3.156250,3.218750,3.067710,520000
1988-06-29,3.250000,3.375000,3.250000,3.312500,3.157061,181600
1988-06-30,3.312500,3.312500,3.250000,3.281250,3.127278,73600
1988-07-01,3.312500,3.593750,3.312500,3.562500,3.395330,629600
1988-07-05,3.562500,3.656250,3.500000,3.593750,3.425114,315200
1988-07-06,3.593750,3.687500,3.500000,3.562500,3.395330,266800
1988-07-07,3.531250,3.531250,3.406250,3.500000,3.335763,296000
1988-07-08,3.500000,3.562500,3.500000,3.500000,3.335763,221600
1988-07-11,3.500000,3.562500,3.406250,3.406250,3.246412,294000
1988-07-12,3.406250,3.406250,3.250000,3.250000,3.097494,200000
1988-07-13,3.281250,3.343750,3.281250,3.312500,3.157061,116800
1988-07-14,3.312500,3.312500,3.281250,3.281250,3.127278,26000
1988-07-15,3.281250,3.375000,3.281250,3.343750,3.186845,187200
1988-07-18,3.343750,3.343750,3.218750,3.281250,3.127278,393200
1988-07-19,3.281250,3.281250,3.031250,3.125000,2.978360,632000
1988-07-20,3.125000,3.156250,3.062500,3.093750,2.948576,210000
1988-07-21,3.093750,3.093750,3.000000,3.000000,2.859225,32800
1988-07-22,3.000000,3.031250,2.906250,3.031250,2.889009,321200
1988-07-25,3.031250,3.031250,3.000000,3.031250,2.889009,48000
1988-07-26,3.031250,3.156250,3.000000,3.156250,3.008143,157200
1988-07-27,3.156250,3.187500,3.062500,3.062500,2.918792,202400
1988-07-28,3.062500,3.093750,3.031250,3.093750,2.948576,57200
1988-07-29,3.093750,3.125000,3.093750,3.125000,2.978360,91600
1988-08-01,3.125000,3.156250,3.093750,3.125000,2.978360,91200
1988-08-02,3.125000,3.156250,3.062500,3.093750,2.948576,82800
1988-08-03,3.093750,3.125000,3.093750,3.093750,2.948576,13600
1988-08-04,3.093750,3.125000,2.968750,2.968750,2.829442,152000
1988-08-05,2.968750,3.000000,2.875000,2.937500,2.799658,187200
1988-08-08,2.937500,2.968750,2.875000,2.968750,2.829442,122800
1988-08-09,2.937500,2.937500,2.906250,2.937500,2.799658,68000
1988-08-10,2.937500,2.937500,2.812500,2.812500,2.680524,159200
1988-08-11,2.812500,2.812500,2.656250,2.718750,2.591173,164000
1988-08-12,2.718750,2.750000,2.687500,2.687500,2.561390,50000
1988-08-15,2.687500,2.750000,2.625000,2.656250,2.531605,78800
1988-08-16,2.656250,2.718750,2.625000,2.656250,2.531605,174800
1988-08-17,2.656250,2.656250,2.531250,2.593750,2.472039,105600
1988-08-18,2.593750,2.593750,2.531250,2.593750,2.472039,19600
1988-08-19,2.593750,2.625000,2.562500,2.562500,2.442255,17600
1988-08-22,2.562500,2.625000,2.500000,2.500000,2.382688,153200
1988-08-23,2.500000,2.531250,2.468750,2.500000,2.382688,217200
1988-08-24,2.500000,2.656250,2.500000,2.656250,2.531605,197200
1988-08-25,2.656250,2.718750,2.625000,2.687500,2.561390,264400
1988-08-26,2.687500,2.750000,2.625000,2.687500,2.561390,58400
1988-08-29,2.687500,2.750000,2.656250,2.718750,2.591173,333600
1988-08-30,2.718750,2.718750,2.593750,2.656250,2.531605,103600
1988-08-31,2.625000,2.625000,2.562500,2.562500,2.442255,239600
1988-09-01,2.562500,2.562500,2.406250,2.468750,2.352904,298400
1988-09-02,2.468750,2.562500,2.468750,2.562500,2.442255,130000
1988-09-06,2.562500,2.593750,2.531250,2.562500,2.442255,234400
1988-09-07,2.562500,2.625000,2.500000,2.500000,2.382688,248400
1988-09-08,2.500000,2.625000,2.500000,2.562500,2.442255,84000
1988-09-09,2.562500,2.718750,2.562500,2.718750,2.591173,193200
1988-09-12,2.718750,2.718750,2.656250,2.687500,2.561390,18000
1988-09-13,2.656250,2.656250,2.562500,2.625000,2.501822,72000
1988-09-14,2.625000,2.687500,2.625000,2.656250,2.531605,331600
1988-09-15,2.656250,2.656250,2.593750,2.593750,2.472039,194000
1988-09-16,2.593750,2.656250,2.593750,2.625000,2.501822,23600
1988-09-19,2.625000,2.625000,2.562500,2.625000,2.501822,117200
1988-09-20,2.625000,2.625000,2.593750,2.593750,2.472039,143600
1988-09-21,2.593750,2.625000,2.562500,2.562500,2.442255,11200
1988-09-22,2.562500,2.593750,2.531250,2.562500,2.442255,66400
1988-09-23,2.562500,2.593750,2.531250,2.531250,2.412472,57200
1988-09-26,2.531250,2.593750,2.500000,2.500000,2.382688,32800
1988-09-27,2.500000,2.500000,2.500000,2.500000,2.382688,356400
1988-09-28,2.500000,2.531250,2.500000,2.500000,2.382688,33200
1988-09-29,2.500000,2.531250,2.468750,2.531250,2.412472,71600
1988-09-30,2.500000,2.500000,2.343750,2.375000,2.263553,170800
1988-10-03,2.375000,2.375000,2.187500,2.250000,2.144419,386800
1988-10-04,2.250000,2.250000,2.218750,2.250000,2.144419,162000
1988-10-05,2.250000,2.250000,2.187500,2.218750,2.114635,110400
1988-10-06,2.187500,2.187500,2.125000,2.187500,2.084852,138400
1988-10-07,2.187500,2.187500,2.125000,2.187500,2.084852,108800
1988-10-10,2.187500,2.187500,2.156250,2.187500,2.084852,51200
1988-10-11,2.187500,2.218750,2.156250,2.156250,2.055068,166000
1988-10-12,2.156250,2.187500,2.062500,2.156250,2.055068,144800
1988-10-13,2.156250,2.156250,2.093750,2.156250,2.055068,222400
1988-10-14,2.156250,2.250000,2.125000,2.218750,2.114635,730400
1988-10-17,2.218750,2.312500,2.187500,2.312500,2.203986,139200
1988-10-18,2.312500,2.312500,2.281250,2.312500,2.203986,32400
1988-10-19,2.312500,2.312500,2.187500,2.187500,2.084852,177600
1988-10-20,2.187500,2.218750,2.187500,2.218750,2.114635,142000
1988-10-21,2.218750,2.218750,2.187500,2.187500,2.084852,47600
1988-10-24,2.187500,2.218750,2.156250,2.187500,2.084852,416400
1988-10-25,2.187500,2.218750,2.156250,2.156250,2.055068,248800
1988-10-26,2.156250,2.218750,2.062500,2.093750,1.995501,128000
1988-10-27,2.062500,2.062500,1.906250,1.968750,1.876366,213600
1988-10-28,1.968750,1.968750,1.906250,1.937500,1.846583,140400
1988-10-31,1.937500,1.937500,1.875000,1.937500,1.846583,72400
1988-11-01,1.937500,1.937500,1.875000,1.906250,1.816799,303600
1988-11-02,1.906250,1.968750,1.906250,1.906250,1.816799,42000
1988-11-03,1.906250,2.062500,1.906250,2.062500,1.965717,323200
1988-11-04,2.062500,2.062500,2.000000,2.000000,1.906150,85200
1988-11-07,2.000000,2.031250,1.968750,2.000000,1.906150,44800
1988-11-08,2.000000,2.031250,1.968750,2.031250,1.935934,97200
1988-11-09,2.031250,2.031250,2.000000,2.031250,1.935934,100000
1988-11-10,2.031250,2.062500,2.000000,2.062500,1.965717,106000
1988-11-11,2.062500,2.062500,2.000000,2.031250,1.935934,238400
1988-11-14,2.062500,2.125000,2.062500,2.093750,1.995501,522000
1988-11-15,2.093750,2.187500,2.093750,2.187500,2.084852,116400
1988-11-16,2.187500,2.187500,2.062500,2.062500,1.965717,192000
1988-11-17,2.062500,2.093750,2.062500,2.062500,1.965717,55600
1988-11-18,2.062500,2.093750,2.031250,2.062500,1.965717,54400
1988-11-21,2.062500,2.062500,2.000000,2.062500,1.965717,78800
1988-11-22,2.062500,2.062500,2.000000,2.031250,1.935934,253200
1988-11-23,2.000000,2.000000,1.906250,1.937500,1.846583,196400
1988-11-25,1.937500,1.937500,1.906250,1.906250,1.816799,22000
1988-11-28,1.906250,1.937500,1.843750,1.906250,1.816799,78400
1988-11-29,1.906250,1.937500,1.875000,1.906250,1.816799,130000
1988-11-30,1.906250,1.937500,1.875000,1.937500,1.846583,43200
1988-12-01,1.937500,2.156250,1.875000,2.125000,2.025285,868800
1988-12-02,2.125000,2.156250,2.062500,2.125000,2.025285,408800
1988-12-05,2.125000,2.187500,2.093750,2.156250,2.055068,144000
1988-12-06,2.156250,2.156250,2.093750,2.093750,1.995501,147200
1988-12-07,2.093750,2.156250,2.062500,2.093750,1.995501,114000
1988-12-08,2.093750,2.093750,2.031250,2.093750,1.995501,26000
1988-12-09,2.093750,2.093750,2.031250,2.031250,1.935934,91200
1988-12-12,2.031250,2.093750,2.031250,2.093750,1.995501,61200
1988-12-13,2.093750,2.093750,2.031250,2.031250,1.935934,158400
1988-12-14,2.031250,2.093750,2.031250,2.093750,1.995501,44400
1988-12-15,2.156250,2.312500,2.156250,2.281250,2.174202,727600
1988-12-16,2.281250,2.281250,2.250000,2.281250,2.174202,139600
1988-12-19,2.281250,2.281250,2.218750,2.281250,2.174202,140000
1988-12-20,2.281250,2.281250,2.187500,2.187500,2.084852,112800
1988-12-21,2.187500,2.187500,2.156250,2.187500,2.084852,16800
1988-12-22,2.187500,2.218750,2.156250,2.187500,2.084852,100000
1988-12-23,2.187500,2.218750,2.187500,2.187500,2.084852,52000
1988-12-27,2.187500,2.250000,2.187500,2.187500,2.084852,130000
1988-12-28,2.187500,2.218750,2.187500,2.187500,2.084852,101600
1988-12-29,2.187500,2.218750,2.187500,2.187500,2.084852,27600
1988-12-30,2.187500,2.218750,2.187500,2.218750,2.114635,58800
1989-01-03,2.218750,2.218750,2.031250,2.125000,2.025285,2854000
1989-01-04,2.125000,2.218750,2.093750,2.218750,2.114635,230800
1989-01-05,2.218750,2.218750,2.156250,2.156250,2.055068,102800
1989-01-06,2.156250,2.187500,2.125000,2.187500,2.084852,7600
1989-01-09,2.187500,2.187500,2.125000,2.125000,2.025285,39600
1989-01-10,2.125000,2.187500,2.062500,2.093750,1.995501,108000
1989-01-11,2.093750,2.093750,2.000000,2.062500,1.965717,138800
1989-01-12,2.093750,2.125000,2.093750,2.093750,1.995501,55200
1989-01-13,2.093750,2.093750,2.031250,2.031250,1.935934,84800
1989-01-16,2.031250,2.062500,1.968750,2.000000,1.906150,58400
1989-01-17,2.000000,2.000000,1.937500,2.000000,1.906150,138400
1989-01-18,2.000000,2.000000,1.937500,1.937500,1.846583,57200
1989-01-19,1.937500,1.968750,1.875000,1.937500,1.846583,344000
1989-01-20,1.937500,1.968750,1.906250,1.906250,1.816799,76000
1989-01-23,1.937500,1.968750,1.937500,1.937500,1.846583,310400
1989-01-24,1.937500,1.968750,1.937500,1.968750,1.876366,78000
1989-01-25,1.968750,1.968750,1.937500,1.937500,1.846583,46400
1989-01-26,1.937500,2.031250,1.937500,1.968750,1.876366,306800
1989-01-27,1.968750,2.031250,1.968750,2.031250,1.935934,104000
1989-01-30,2.031250,2.031250,1.906250,1.968750,1.876366,128400
1989-01-31,1.968750,1.968750,1.906250,1.937500,1.846583,15200
1989-02-01,1.937500,2.000000,1.937500,2.000000,1.906150,297600
1989-02-02,2.000000,2.031250,1.968750,1.968750,1.876366,57600
1989-02-03,1.968750,2.000000,1.968750,1.968750,1.876366,57600
1989-02-06,1.968750,2.000000,1.843750,1.906250,1.816799,318000
1989-02-07,1.906250,1.937500,1.843750,1.906250,1.816799,934800
1989-02-08,1.906250,1.937500,1.843750,1.906250,1.816799,214800
1989-02-09,1.906250,1.906250,1.843750,1.843750,1.757232,128400
1989-02-10,1.843750,1.906250,1.812500,1.875000,1.787016,210800
1989-02-13,1.875000,1.875000,1.812500,1.875000,1.787016,34000
1989-02-14,1.906250,2.000000,1.906250,2.000000,1.906150,455200
1989-02-15,2.000000,2.031250,1.937500,2.000000,1.906150,328800
1989-02-16,2.000000,2.156250,2.000000,2.125000,2.025285,800800
1989-02-17,2.125000,2.125000,2.031250,2.093750,1.995501,276800
1989-02-21,2.093750,2.093750,2.031250,2.093750,1.995501,240000
1989-02-22,2.093750,2.093750,2.000000,2.000000,1.906150,678400
1989-02-23,2.000000,2.000000,1.968750,2.000000,1.906150,13200
1989-02-24,2.000000,2.000000,1.937500,1.968750,1.876366,71200
1989-02-27,1.968750,2.000000,1.937500,2.000000,1.906150,222000
1989-02-28,2.000000,2.031250,1.968750,2.000000,1.906150,71200
1989-03-01,2.000000,2.031250,1.968750,1.968750,1.876366,10000
1989-03-02,1.968750,2.031250,1.968750,1.968750,1.876366,144000
1989-03-03,1.968750,2.000000,1.937500,1.968750,1.876366,278800
1989-03-06,1.968750,1.968750,1.906250,1.968750,1.876366,48400
1989-03-07,1.968750,1.968750,1.875000,1.937500,1.846583,174800
1989-03-08,1.937500,1.937500,1.875000,1.875000,1.787016,108000
1989-03-09,1.906250,2.000000,1.906250,1.968750,1.876366,291200
1989-03-10,1.968750,2.000000,1.937500,2.000000,1.906150,168800
1989-03-13,2.000000,2.000000,1.937500,1.937500,1.846583,216400
1989-03-14,1.937500,1.968750,1.875000,1.906250,1.816799,194400
1989-03-15,1.906250,1.937500,1.875000,1.875000,1.787016,119600
1989-03-16,1.875000,1.937500,1.875000,1.937500,1.846583,87200
1989-03-17,1.937500,1.937500,1.875000,1.906250,1.816799,260000
1989-03-20,1.906250,1.937500,1.875000,1.875000,1.787016,370400
1989-03-21,1.875000,1.937500,1.875000,1.937500,1.846583,607200
1989-03-22,1.937500,1.937500,1.906250,1.906250,1.816799,187600
1989-03-23,1.906250,1.937500,1.906250,1.937500,1.846583,21600
1989-03-27,1.937500,1.937500,1.906250,1.906250,1.816799,386000
1989-03-28,1.906250,1.937500,1.906250,1.937500,1.846583,238000
1989-03-29,1.937500,1.937500,1.906250,1.937500,1.846583,217200
1989-03-30,1.937500,1.968750,1.906250,1.968750,1.876366,39600
1989-03-31,1.968750,1.968750,1.937500,1.937500,1.846583,49200
1989-04-03,1.937500,1.968750,1.906250,1.968750,1.876366,403200
1989-04-04,1.968750,1.968750,1.906250,1.968750,1.876366,92400
1989-04-05,1.937500,1.937500,1.906250,1.937500,1.846583,150400
1989-04-06,1.937500,1.937500,1.906250,1.906250,1.816799,44000
1989-04-07,1.906250,2.062500,1.906250,2.062500,1.965717,843600
1989-04-10,2.062500,2.156250,2.062500,2.062500,1.965717,362800
1989-04-11,2.062500,2.125000,2.062500,2.125000,2.025285,47600
1989-04-12,2.125000,2.218750,2.093750,2.187500,2.084852,185200
1989-04-13,2.218750,2.343750,2.218750,2.250000,2.144419,449600
1989-04-14,2.250000,2.343750,2.250000,2.281250,2.174202,229600
1989-04-17,2.281250,2.312500,2.187500,2.187500,2.084852,162000
1989-04-18,2.187500,2.250000,2.187500,2.250000,2.144419,108400
1989-04-19,2.250000,2.312500,2.218750,2.281250,2.174202,216800
1989-04-20,2.281250,2.312500,2.281250,2.312500,2.203986,274400
1989-04-21,2.312500,2.343750,2.281250,2.343750,2.233770,83600
1989-04-24,2.343750,2.500000,2.281250,2.437500,2.323121,340800
1989-04-25,2.437500,2.437500,2.312500,2.343750,2.233770,222000
1989-04-26,2.343750,2.343750,2.281250,2.281250,2.174202,59200
1989-04-27,2.312500,2.406250,2.312500,2.312500,2.203986,139600
1989-04-28,2.312500,2.375000,2.281250,2.281250,2.174202,151600
1989-05-01,2.281250,2.281250,2.218750,2.281250,2.174202,100000
1989-05-02,2.281250,2.281250,2.187500,2.218750,2.114635,318000
1989-05-03,2.218750,2.250000,2.125000,2.156250,2.055068,154800
1989-05-04,2.156250,2.187500,2.156250,2.187500,2.084852,98400
1989-05-05,2.187500,2.218750,2.125000,2.156250,2.055068,76000
1989-05-08,2.156250,2.218750,2.125000,2.156250,2.055068,75600
1989-05-09,2.156250,2.187500,2.125000,2.125000,2.025285,22800
1989-05-10,2.156250,2.281250,2.156250,2.281250,2.174202,290800
1989-05-11,2.281250,2.375000,2.281250,2.281250,2.174202,156000
1989-05-12,2.281250,2.343750,2.281250,2.312500,2.203986,21600
1989-05-15,2.312500,2.343750,2.281250,2.312500,2.203986,128400
1989-05-16,2.312500,2.343750,2.250000,2.281250,2.174202,171200
1989-05-17,2.281250,2.312500,2.187500,2.187500,2.084852,965600
1989-05-18,2.187500,2.250000,2.156250,2.187500,2.084852,161200
1989-05-19,2.187500,2.218750,2.187500,2.187500,2.084852,153200
1989-05-22,2.187500,2.218750,2.187500,2.187500,2.084852,34800
1989-05-23,2.218750,2.250000,2.218750,2.218750,2.114635,161600
1989-05-24,2.218750,2.250000,2.218750,2.218750,2.114635,56000
1989-05-25,2.218750,2.281250,2.218750,2.250000,2.144419,116400
1989-05-26,2.250000,2.281250,2.250000,2.250000,2.144419,52800
1989-05-30,2.250000,2.281250,2.218750,2.218750,2.114635,91600
1989-05-31,2.218750,2.250000,2.218750,2.218750,2.114635,22800
1989-06-01,2.218750,2.250000,2.218750,2.250000,2.144419,26000
1989-06-02,2.250000,2.281250,2.218750,2.281250,2.174202,64000
1989-06-05,2.281250,2.281250,2.218750,2.218750,2.114635,36400
1989-06-06,2.218750,2.218750,2.156250,2.218750,2.114635,34800
1989-06-07,2.218750,2.218750,2.125000,2.125000,2.025285,202000
1989-06-08,2.125000,2.156250,2.062500,2.125000,2.025285,192800
1989-06-09,2.125000,2.125000,2.062500,2.093750,1.995501,158800
1989-06-12,2.093750,2.093750,2.062500,2.093750,1.995501,82400
1989-06-13,2.093750,2.125000,2.062500,2.093750,1.995501,62000
1989-06-14,2.093750,2.093750,2.062500,2.093750,1.995501,70400
1989-06-15,2.093750,2.093750,2.031250,2.062500,1.965717,201600
1989-06-16,2.062500,2.093750,2.031250,2.093750,1.995501,10800
1989-06-19,2.062500,2.062500,2.031250,2.031250,1.935934,36400
1989-06-20,2.031250,2.093750,2.031250,2.031250,1.935934,110400
1989-06-21,2.031250,2.093750,1.968750,2.000000,1.906150,204400
1989-06-22,2.000000,2.031250,2.000000,2.000000,1.906150,89600
1989-06-23,2.000000,2.000000,1.937500,1.968750,1.876366,164400
1989-06-26,1.968750,2.000000,1.968750,2.000000,1.906150,21600
1989-06-27,2.000000,2.000000,1.968750,1.968750,1.876366,127600
1989-06-28,1.968750,1.968750,1.937500,1.937500,1.846583,47600
1989-06-29,1.937500,1.968750,1.906250,1.937500,1.846583,199600
1989-06-30,1.937500,1.968750,1.843750,1.906250,1.816799,267600
1989-07-03,1.906250,1.937500,1.875000,1.906250,1.816799,64400
1989-07-05,1.906250,1.968750,1.875000,1.968750,1.876366,77600
1989-07-06,1.968750,2.000000,1.937500,1.968750,1.876366,34000
1989-07-07,1.968750,2.000000,1.937500,1.968750,1.876366,64400
1989-07-10,1.968750,1.968750,1.906250,1.937500,1.846583,78400
1989-07-11,1.937500,2.000000,1.937500,2.000000,1.906150,165600
1989-07-12,2.000000,2.000000,1.937500,1.937500,1.846583,40800
1989-07-13,1.937500,1.968750,1.937500,1.968750,1.876366,34400
1989-07-14,1.968750,1.968750,1.937500,1.968750,1.876366,23600
1989-07-17,1.968750,1.968750,1.906250,1.937500,1.846583,66800
1989-07-18,1.937500,1.937500,1.906250,1.937500,1.846583,13600
1989-07-19,1.937500,1.937500,1.906250,1.906250,1.816799,34000
1989-07-20,1.906250,1.937500,1.906250,1.937500,1.846583,44800
1989-07-21,1.937500,1.937500,1.906250,1.906250,1.816799,48800
1989-07-24,1.906250,1.937500,1.875000,1.906250,1.816799,88000
1989-07-25,1.906250,1.906250,1.843750,1.843750,1.757232,174000
1989-07-26,1.875000,1.906250,1.875000,1.875000,1.787016,18400
1989-07-27,1.875000,1.937500,1.875000,1.906250,1.816799,124000
1989-07-28,1.906250,1.968750,1.906250,1.937500,1.846583,125600
1989-07-31,1.937500,1.968750,1.937500,1.937500,1.846583,158400
1989-08-01,1.937500,1.968750,1.906250,1.937500,1.846583,100400
1989-08-02,1.937500,1.968750,1.937500,1.968750,1.876366,60800
1989-08-03,1.968750,2.031250,1.937500,2.031250,1.935934,119200
1989-08-04,2.031250,2.125000,2.000000,2.125000,2.025285,161600
1989-08-07,2.125000,2.187500,2.093750,2.187500,2.084852,142800
1989-08-08,2.187500,2.187500,2.125000,2.156250,2.055068,129200
1989-08-09,2.156250,2.156250,2.125000,2.125000,2.025285,48000
1989-08-10,2.125000,2.125000,2.031250,2.031250,1.935934,55600
1989-08-11,2.031250,2.093750,2.031250,2.062500,1.965717,170400
1989-08-14,2.062500,2.093750,2.062500,2.093750,1.995501,168800
1989-08-15,2.093750,2.093750,2.062500,2.093750,1.995501,64000
1989-08-16,2.093750,2.093750,2.062500,2.062500,1.965717,99600
1989-08-17,2.062500,2.093750,2.062500,2.062500,1.965717,138800
1989-08-18,2.062500,2.125000,2.062500,2.125000,2.025285,183600
1989-08-21,2.125000,2.156250,2.125000,2.125000,2.025285,152000
1989-08-22,2.125000,2.156250,2.125000,2.125000,2.025285,64400
1989-08-23,2.125000,2.156250,2.125000,2.156250,2.055068,84000
1989-08-24,2.156250,2.187500,2.125000,2.187500,2.084852,140800
1989-08-25,2.156250,2.156250,2.156250,2.156250,2.055068,70800
1989-08-28,2.156250,2.187500,2.156250,2.187500,2.084852,38400
1989-08-29,2.187500,2.187500,2.156250,2.156250,2.055068,162000
1989-08-30,2.156250,2.187500,2.156250,2.156250,2.055068,82000
1989-08-31,2.156250,2.187500,2.156250,2.156250,2.055068,48800
1989-09-01,2.156250,2.187500,2.125000,2.156250,2.055068,98000
1989-09-05,2.125000,2.125000,2.062500,2.062500,1.965717,48800
1989-09-06,2.062500,2.093750,2.031250,2.093750,1.995501,166400
1989-09-07,2.093750,2.093750,2.031250,2.031250,1.935934,118000
1989-09-08,2.031250,2.093750,2.031250,2.062500,1.965717,144000
1989-09-11,2.062500,2.093750,2.031250,2.031250,1.935934,11600
1989-09-12,2.031250,2.093750,2.031250,2.093750,1.995501,28000
1989-09-13,2.093750,2.093750,2.062500,2.093750,1.995501,139600
1989-09-14,2.093750,2.093750,2.031250,2.031250,1.935934,64000
1989-09-15,2.031250,2.093750,2.031250,2.062500,1.965717,120400
1989-09-18,2.062500,2.093750,2.031250,2.031250,1.935934,96400
1989-09-19,2.062500,2.062500,2.062500,2.062500,1.965717,17200
1989-09-20,2.062500,2.062500,2.000000,2.031250,1.935934,271600
1989-09-21,2.031250,2.093750,2.000000,2.000000,1.906150,136000
1989-09-22,2.000000,2.062500,1.968750,2.000000,1.906150,133600
1989-09-25,2.000000,2.000000,1.968750,2.000000,1.906150,20000
1989-09-26,2.000000,2.000000,1.968750,1.968750,1.876366,118000
1989-09-27,1.968750,2.000000,1.937500,1.937500,1.846583,94800
1989-09-28,1.937500,1.968750,1.906250,1.937500,1.846583,224000
1989-09-29,1.937500,1.968750,1.875000,1.937500,1.846583,226400
1989-10-02,1.937500,1.937500,1.875000,1.937500,1.846583,13600
1989-10-03,1.937500,1.937500,1.875000,1.937500,1.846583,66400
1989-10-04,1.937500,1.968750,1.906250,1.968750,1.876366,24400
1989-10-05,1.968750,2.062500,1.937500,1.968750,1.876366,226800
1989-10-06,1.968750,1.968750,1.812500,1.937500,1.846583,270400
1989-10-09,1.968750,2.031250,1.968750,2.000000,1.906150,159200
1989-10-10,2.000000,2.031250,1.968750,1.968750,1.876366,20400
1989-10-11,1.968750,2.000000,1.937500,2.000000,1.906150,182800
1989-10-12,1.968750,1.968750,1.968750,1.968750,1.876366,76400
1989-10-13,1.968750,2.000000,1.843750,1.875000,1.787016,45600
1989-10-16,1.875000,1.968750,1.750000,1.906250,1.816799,265200
1989-10-17,1.906250,1.968750,1.875000,1.875000,1.787016,50000
1989-10-18,1.875000,1.875000,1.812500,1.843750,1.757232,36800
1989-10-19,1.843750,1.875000,1.843750,1.843750,1.757232,15600
1989-10-20,1.843750,1.875000,1.843750,1.843750,1.757232,56000
1989-10-23,1.843750,1.843750,1.812500,1.843750,1.757232,87600
1989-10-24,1.843750,1.843750,1.750000,1.750000,1.667881,46800
1989-10-25,1.750000,1.843750,1.750000,1.843750,1.757232,5600
1989-10-26,1.781250,1.781250,1.750000,1.781250,1.697665,78400
1989-10-27,1.781250,1.781250,1.687500,1.687500,1.608314,84000
1989-10-30,1.687500,1.781250,1.656250,1.781250,1.697665,102000
1989-10-31,1.781250,1.812500,1.750000,1.750000,1.667881,11200
1989-11-01,1.781250,1.812500,1.781250,1.781250,1.697665,168400
1989-11-02,1.781250,1.843750,1.781250,1.843750,1.757232,44800
1989-11-03,1.781250,1.781250,1.781250,1.781250,1.697665,2400
1989-11-06,1.781250,1.812500,1.781250,1.781250,1.697665,43600
1989-11-07,1.781250,1.812500,1.750000,1.750000,1.667881,33200
1989-11-08,1.750000,1.750000,1.750000,1.750000,1.667881,7200
1989-11-09,1.750000,1.812500,1.750000,1.750000,1.667881,62800
1989-11-10,1.750000,1.781250,1.750000,1.750000,1.667881,317600
1989-11-13,1.750000,1.812500,1.718750,1.718750,1.638098,48000
1989-11-14,1.718750,1.750000,1.718750,1.750000,1.667881,12400
1989-11-15,1.718750,1.718750,1.718750,1.718750,1.638098,3200
1989-11-16,1.718750,1.750000,1.718750,1.718750,1.638098,24000
1989-11-17,1.718750,1.781250,1.687500,1.687500,1.608314,20000
1989-11-20,1.687500,1.750000,1.687500,1.750000,1.667881,109600
1989-11-21,1.687500,1.687500,1.687500,1.687500,1.608314,4400
1989-11-22,1.687500,1.750000,1.687500,1.687500,1.608314,37600
1989-11-24,1.687500,1.750000,1.687500,1.718750,1.638098,110800
1989-11-27,1.718750,1.718750,1.687500,1.718750,1.638098,32000
1989-11-28,1.718750,1.718750,1.687500,1.687500,1.608314,146400
1989-11-29,1.687500,1.687500,1.593750,1.625000,1.548747,456400
1989-11-30,1.625000,1.687500,1.625000,1.625000,1.548747,768400
1989-12-01,1.687500,1.750000,1.687500,1.718750,1.638098,120800
1989-12-04,1.718750,1.781250,1.718750,1.750000,1.667881,739200
1989-12-05,1.750000,1.781250,1.718750,1.718750,1.638098,16400
1989-12-06,1.718750,1.750000,1.718750,1.750000,1.667881,539600
1989-12-07,1.750000,1.750000,1.718750,1.718750,1.638098,344800
1989-12-08,1.718750,1.750000,1.687500,1.750000,1.667881,39600
1989-12-11,1.687500,1.687500,1.687500,1.687500,1.608314,20000
1989-12-12,1.687500,1.718750,1.687500,1.718750,1.638098,218800
1989-12-13,1.718750,1.718750,1.625000,1.687500,1.608314,362400
1989-12-14,1.656250,1.656250,1.656250,1.656250,1.578531,37200
1989-12-15,1.656250,1.718750,1.656250,1.687500,1.608314,127200
1989-12-18,1.687500,1.718750,1.687500,1.718750,1.638098,254800
1989-12-19,1.718750,1.718750,1.625000,1.656250,1.578531,235200
1989-12-20,1.656250,1.687500,1.625000,1.625000,1.548747,24000
1989-12-21,1.625000,1.656250,1.625000,1.625000,1.548747,64000
1989-12-22,1.625000,1.656250,1.625000,1.656250,1.578531,25200
1989-12-26,1.656250,1.687500,1.625000,1.656250,1.578531,98800
1989-12-27,1.656250,1.687500,1.656250,1.687500,1.608314,110400
1989-12-28,1.687500,1.718750,1.656250,1.718750,1.638098,1408400
1989-12-29,1.718750,1.812500,1.687500,1.812500,1.727449,369600
1990-01-02,1.812500,1.843750,1.781250,1.812500,1.727449,153200
1990-01-03,1.812500,1.875000,1.812500,1.843750,1.757232,681200
1990-01-04,1.843750,1.875000,1.781250,1.781250,1.697665,65200
1990-01-05,1.781250,1.781250,1.750000,1.750000,1.667881,54800
1990-01-08,1.750000,1.750000,1.656250,1.656250,1.578531,77200
1990-01-09,1.656250,1.781250,1.656250,1.750000,1.667881,206400
1990-01-10,1.750000,1.750000,1.687500,1.750000,1.667881,60800
1990-01-11,1.750000,1.750000,1.718750,1.750000,1.667881,52800
1990-01-12,1.718750,1.718750,1.687500,1.687500,1.608314,54800
1990-01-15,1.687500,1.718750,1.687500,1.687500,1.608314,30800
1990-01-16,1.687500,1.718750,1.656250,1.687500,1.608314,43600
1990-01-17,1.687500,1.718750,1.656250,1.718750,1.638098,27200
1990-01-18,1.718750,1.718750,1.656250,1.656250,1.578531,54000
1990-01-19,1.687500,1.781250,1.687500,1.781250,1.697665,120400
1990-01-22,1.781250,1.812500,1.750000,1.750000,1.667881,139200
1990-01-23,1.750000,1.781250,1.718750,1.781250,1.697665,3600
1990-01-24,1.750000,1.750000,1.687500,1.687500,1.608314,18800
1990-01-25,1.718750,1.781250,1.718750,1.750000,1.667881,32000
1990-01-26,1.750000,1.781250,1.718750,1.750000,1.667881,101200
1990-01-29,1.750000,1.812500,1.750000,1.750000,1.667881,48000
1990-01-30,1.750000,1.812500,1.750000,1.812500,1.727449,6400
1990-01-31,1.812500,1.937500,1.781250,1.937500,1.846583,82800
1990-02-01,1.937500,2.000000,1.875000,1.968750,1.876366,92000
1990-02-02,1.968750,2.000000,1.937500,2.000000,1.906150,54400
1990-02-05,1.968750,1.968750,1.968750,1.968750,1.876366,10000
1990-02-06,1.968750,2.031250,1.968750,1.968750,1.876366,16000
1990-02-07,1.968750,1.968750,1.906250,1.968750,1.876366,20800
1990-02-08,1.968750,1.968750,1.875000,1.937500,1.846583,109200
1990-02-09,1.937500,1.968750,1.906250,1.906250,1.816799,25200
1990-02-12,1.906250,1.968750,1.906250,1.906250,1.816799,58000
1990-02-13,1.906250,1.906250,1.875000,1.875000,1.787016,43200
1990-02-14,1.906250,1.937500,1.906250,1.906250,1.816799,44800
1990-02-15,1.906250,1.906250,1.906250,1.906250,1.816799,13600
1990-02-16,1.875000,1.875000,1.875000,1.875000,1.787016,5600
1990-02-20,1.875000,1.875000,1.812500,1.812500,1.727449,39200
1990-02-21,1.812500,1.812500,1.718750,1.718750,1.638098,55600
1990-02-22,1.718750,1.781250,1.718750,1.718750,1.638098,41200
1990-02-23,1.718750,1.718750,1.687500,1.687500,1.608314,16400
1990-02-26,1.687500,1.718750,1.687500,1.687500,1.608314,24000
1990-02-27,1.687500,1.718750,1.687500,1.718750,1.638098,59600
1990-02-28,1.718750,1.750000,1.718750,1.750000,1.667881,46800
1990-03-01,1.750000,1.781250,1.750000,1.750000,1.667881,68400
1990-03-02,1.750000,1.968750,1.750000,1.968750,1.876366,176000
1990-03-05,1.968750,2.000000,1.875000,1.937500,1.846583,50400
1990-03-06,1.937500,2.000000,1.937500,1.937500,1.846583,27600
1990-03-07,1.937500,1.968750,1.937500,1.937500,1.846583,36000
1990-03-08,1.937500,1.968750,1.937500,1.968750,1.876366,65200
1990-03-09,1.968750,1.968750,1.906250,1.906250,1.816799,102800
1990-03-12,1.906250,1.937500,1.906250,1.906250,1.816799,29600
1990-03-13,1.906250,1.968750,1.843750,1.843750,1.757232,90800
1990-03-14,1.843750,1.937500,1.843750,1.937500,1.846583,12400
1990-03-15,1.875000,1.875000,1.875000,1.875000,1.787016,54400
1990-03-16,1.906250,2.062500,1.906250,1.968750,1.876366,500000
1990-03-19,1.968750,2.000000,1.906250,2.000000,1.906150,89200
1990-03-20,2.000000,2.062500,1.968750,2.031250,1.935934,164800
1990-03-21,2.031250,2.093750,2.031250,2.093750,1.995501,53600
1990-03-22,2.093750,2.093750,2.000000,2.000000,1.906150,47200
1990-03-23,2.000000,2.062500,2.000000,2.000000,1.906150,34400
1990-03-26,2.062500,2.062500,1.937500,2.000000,1.906150,139600
1990-03-27,1.937500,2.000000,1.875000,1.906250,1.816799,104000
1990-03-28,1.875000,1.937500,1.843750,1.906250,1.816799,65600
1990-03-29,1.843750,1.906250,1.843750,1.843750,1.757232,31200
1990-03-30,1.843750,1.843750,1.843750,1.843750,1.757232,0
1990-04-02,1.843750,1.875000,1.781250,1.781250,1.697665,79600
1990-04-03,1.812500,1.843750,1.812500,1.812500,1.727449,59600
1990-04-04,1.843750,1.843750,1.812500,1.812500,1.727449,50800
1990-04-05,1.843750,1.843750,1.718750,1.781250,1.697665,86800
1990-04-06,1.781250,1.843750,1.750000,1.812500,1.727449,143200
1990-04-09,1.781250,1.781250,1.781250,1.781250,1.697665,46400
1990-04-10,1.750000,1.812500,1.750000,1.750000,1.667881,5600
1990-04-11,1.750000,1.812500,1.750000,1.812500,1.727449,15200
1990-04-12,1.750000,2.062500,1.750000,2.031250,1.935934,312400
1990-04-16,2.031250,2.093750,2.000000,2.000000,1.906150,117600
1990-04-17,2.031250,2.062500,2.000000,2.031250,1.935934,131200
1990-04-18,2.000000,2.000000,1.937500,1.968750,1.876366,126000
1990-04-19,1.937500,1.937500,1.937500,1.937500,1.846583,30000
1990-04-20,1.937500,1.968750,1.937500,1.937500,1.846583,94400
1990-04-23,1.937500,1.937500,1.906250,1.906250,1.816799,63200
1990-04-24,1.875000,1.906250,1.843750,1.843750,1.757232,48000
1990-04-25,1.843750,1.937500,1.843750,1.937500,1.846583,87600
1990-04-26,1.906250,1.968750,1.906250,1.968750,1.876366,186800
1990-04-27,2.031250,2.031250,1.968750,1.968750,1.876366,80000
1990-04-30,2.031250,2.031250,1.937500,2.000000,1.906150,223600
1990-05-01,2.000000,2.156250,2.000000,2.156250,2.055068,410800
1990-05-02,2.125000,2.187500,2.125000,2.156250,2.055068,51600
1990-05-03,2.187500,2.187500,2.093750,2.125000,2.025285,253200
1990-05-04,2.156250,2.156250,2.125000,2.156250,2.055068,52800
1990-05-07,2.156250,2.187500,2.125000,2.187500,2.084852,89200
1990-05-08,2.187500,2.437500,2.156250,2.375000,2.263553,474000
1990-05-09,2.343750,2.406250,2.218750,2.312500,2.203986,799200
1990-05-10,2.312500,2.375000,2.312500,2.343750,2.233770,386000
1990-05-11,2.343750,2.375000,2.281250,2.375000,2.263553,153200
1990-05-14,2.343750,2.375000,2.312500,2.343750,2.233770,340400
1990-05-15,2.343750,2.406250,2.312500,2.375000,2.263553,116800
1990-05-16,2.406250,2.500000,2.375000,2.437500,2.323121,504000
1990-05-17,2.437500,2.468750,2.406250,2.468750,2.352904,103200
1990-05-18,2.406250,2.437500,2.406250,2.437500,2.323121,172400
1990-05-21,2.437500,2.718750,2.437500,2.687500,2.561390,989200
1990-05-22,2.687500,2.718750,2.625000,2.656250,2.531605,372800
1990-05-23,2.593750,2.625000,2.562500,2.593750,2.472039,100000
1990-05-24,2.625000,2.625000,2.562500,2.562500,2.442255,108000
1990-05-25,2.562500,2.562500,2.437500,2.500000,2.382688,249600
1990-05-29,2.468750,2.531250,2.468750,2.531250,2.412472,39200
1990-05-30,2.468750,2.500000,2.468750,2.468750,2.352904,119200
1990-05-31,2.468750,2.500000,2.468750,2.468750,2.352904,224800
1990-06-01,2.500000,2.562500,2.468750,2.531250,2.412472,394000
1990-06-04,2.500000,2.562500,2.500000,2.500000,2.382688,31200
1990-06-05,2.500000,2.531250,2.500000,2.500000,2.382688,26800
1990-06-06,2.500000,2.500000,2.468750,2.500000,2.382688,471600
1990-06-07,2.468750,2.531250,2.468750,2.500000,2.382688,382800
1990-06-08,2.531250,2.531250,2.468750,2.468750,2.352904,42400
1990-06-11,2.468750,2.500000,2.468750,2.500000,2.382688,40000
1990-06-12,2.468750,2.500000,2.468750,2.468750,2.352904,122400
1990-06-13,2.500000,2.500000,2.468750,2.500000,2.382688,35600
1990-06-14,2.468750,2.500000,2.468750,2.500000,2.382688,12400
1990-06-15,2.500000,2.687500,2.468750,2.656250,2.531605,616000
1990-06-18,2.625000,2.625000,2.593750,2.593750,2.472039,102000
1990-06-19,2.562500,2.656250,2.562500,2.656250,2.531605,13600
1990-06-20,2.593750,2.625000,2.562500,2.562500,2.442255,32800
1990-06-21,2.562500,2.625000,2.562500,2.625000,2.501822,35200
1990-06-22,2.625000,2.625000,2.406250,2.437500,2.323121,584000
1990-06-25,2.437500,2.625000,2.437500,2.625000,2.501822,455200
1990-06-26,2.625000,2.718750,2.625000,2.687500,2.561390,438000
1990-06-27,2.718750,2.718750,2.593750,2.656250,2.531605,397200
1990-06-28,2.656250,2.937500,2.625000,2.875000,2.740091,1139600
1990-06-29,2.968750,3.000000,2.875000,2.968750,2.829442,524000
1990-07-02,2.968750,2.968750,2.906250,2.906250,2.769875,130400
1990-07-03,2.875000,2.968750,2.875000,2.906250,2.769875,181600
1990-07-05,2.875000,2.937500,2.812500,2.875000,2.740091,146400
1990-07-06,2.812500,2.875000,2.781250,2.812500,2.680524,378800
1990-07-09,2.781250,2.843750,2.781250,2.843750,2.710307,25600
1990-07-10,2.781250,2.843750,2.781250,2.812500,2.680524,28000
1990-07-11,2.812500,2.843750,2.781250,2.781250,2.650740,67200
1990-07-12,2.843750,2.906250,2.812500,2.906250,2.769875,160000
1990-07-13,2.875000,2.937500,2.875000,2.906250,2.769875,226800
1990-07-16,2.875000,2.937500,2.875000,2.875000,2.740091,125200
1990-07-17,2.875000,2.937500,2.875000,2.875000,2.740091,130000
1990-07-18,2.937500,2.937500,2.812500,2.875000,2.740091,242800
1990-07-19,2.812500,2.812500,2.718750,2.812500,2.680524,70000
1990-07-20,2.812500,2.875000,2.718750,2.718750,2.591173,320000
1990-07-23,2.718750,2.718750,2.500000,2.531250,2.412472,232800
1990-07-24,2.562500,2.593750,2.531250,2.531250,2.412472,28800
1990-07-25,2.625000,2.656250,2.562500,2.656250,2.531605,82400
1990-07-26,2.625000,2.812500,2.625000,2.812500,2.680524,115200
1990-07-27,2.750000,3.000000,2.750000,2.781250,2.650740,332000
1990-07-30,2.687500,2.687500,2.593750,2.593750,2.472039,123600
1990-07-31,2.656250,2.687500,2.593750,2.656250,2.531605,160400
1990-08-01,2.593750,2.625000,2.500000,2.500000,2.382688,139600
1990-08-02,2.468750,2.468750,2.406250,2.406250,2.293337,138000
1990-08-03,2.406250,2.406250,2.062500,2.125000,2.025285,430000
1990-08-06,2.093750,2.093750,2.000000,2.062500,1.965717,103600
1990-08-07,2.125000,2.125000,2.031250,2.093750,1.995501,232800
1990-08-08,2.031250,2.156250,2.031250,2.125000,2.025285,216400
1990-08-09,2.156250,2.187500,2.093750,2.156250,2.055068,80400
1990-08-10,2.093750,2.093750,1.906250,2.000000,1.906150,191600
1990-08-13,1.937500,1.937500,1.843750,1.937500,1.846583,145200
1990-08-14,1.968750,2.000000,1.906250,2.000000,1.906150,183200
1990-08-15,1.937500,2.031250,1.937500,2.031250,1.935934,43200
1990-08-16,1.937500,1.968750,1.906250,1.968750,1.876366,31600
1990-08-17,1.906250,1.906250,1.812500,1.812500,1.727449,97600
1990-08-20,1.812500,1.875000,1.812500,1.875000,1.787016,13200
1990-08-21,1.812500,1.812500,1.718750,1.781250,1.697665,172800
1990-08-22,1.750000,1.843750,1.656250,1.656250,1.578531,252000
1990-08-23,1.562500,1.593750,1.500000,1.500000,1.429613,199600
1990-08-24,1.593750,1.593750,1.500000,1.593750,1.518963,220000
1990-08-27,1.562500,2.000000,1.562500,1.875000,1.787016,372800
1990-08-28,1.843750,1.906250,1.843750,1.906250,1.816799,42000
1990-08-29,1.812500,1.937500,1.812500,1.875000,1.787016,76800
1990-08-30,1.937500,1.937500,1.875000,1.937500,1.846583,20000
1990-08-31,1.875000,1.968750,1.875000,1.937500,1.846583,105200
1990-09-04,1.906250,1.906250,1.906250,1.906250,1.816799,20800
1990-09-05,1.906250,1.968750,1.906250,1.968750,1.876366,23200
1990-09-06,1.906250,1.937500,1.656250,1.718750,1.638098,276400
1990-09-07,1.656250,1.687500,1.625000,1.656250,1.578531,207600
1990-09-10,1.687500,1.687500,1.625000,1.687500,1.608314,84800
1990-09-11,1.687500,1.687500,1.625000,1.687500,1.608314,118000
1990-09-12,1.687500,1.687500,1.625000,1.625000,1.548747,29200
1990-09-13,1.625000,1.687500,1.593750,1.593750,1.518963,33200
1990-09-14,1.656250,1.656250,1.593750,1.656250,1.578531,50400
1990-09-17,1.593750,1.656250,1.593750,1.656250,1.578531,20000
1990-09-18,1.656250,1.656250,1.593750,1.593750,1.518963,16800
1990-09-19,1.593750,1.656250,1.593750,1.625000,1.548747,56400
1990-09-20,1.593750,1.625000,1.500000,1.500000,1.429613,44000
1990-09-21,1.562500,1.562500,1.437500,1.500000,1.429613,118800
1990-09-24,1.500000,1.500000,1.281250,1.281250,1.221127,195600
1990-09-25,1.343750,1.343750,1.281250,1.312500,1.250911,703600
1990-09-26,1.312500,1.375000,1.312500,1.312500,1.250911,167600
1990-09-27,1.375000,1.375000,1.250000,1.250000,1.191344,162400
1990-09-28,1.250000,1.281250,1.187500,1.281250,1.221127,237600
1990-10-01,1.281250,1.312500,1.250000,1.250000,1.191344,244400
1990-10-02,1.281250,1.343750,1.281250,1.281250,1.221127,65600
1990-10-03,1.312500,1.312500,1.187500,1.250000,1.191344,230000
1990-10-04,1.187500,1.218750,1.125000,1.125000,1.072209,433600
1990-10-05,1.187500,1.250000,1.093750,1.250000,1.191344,819600
1990-10-08,1.281250,1.375000,1.281250,1.375000,1.310478,83600
1990-10-09,1.375000,1.375000,1.250000,1.281250,1.221127,212400
1990-10-10,1.218750,1.250000,1.218750,1.250000,1.191344,81200
1990-10-11,1.218750,1.218750,1.156250,1.156250,1.101993,227600
1990-10-12,1.156250,1.218750,1.156250,1.156250,1.101993,118800
1990-10-15,1.218750,1.218750,1.156250,1.187500,1.131777,130000
1990-10-16,1.218750,1.218750,1.218750,1.218750,1.161560,2000
1990-10-17,1.187500,1.218750,1.156250,1.218750,1.161560,31600
1990-10-18,1.218750,1.312500,1.156250,1.312500,1.250911,1112400
1990-10-19,1.375000,1.375000,1.250000,1.250000,1.191344,132000
1990-10-22,1.218750,1.312500,1.218750,1.281250,1.221127,34000
1990-10-23,1.312500,1.312500,1.218750,1.312500,1.250911,23200
1990-10-24,1.312500,1.312500,1.281250,1.312500,1.250911,30400
1990-10-25,1.312500,1.375000,1.312500,1.343750,1.280695,67200
1990-10-26,1.281250,1.312500,1.281250,1.312500,1.250911,8000
1990-10-29,1.250000,1.312500,1.250000,1.250000,1.191344,3200
1990-10-30,1.250000,1.281250,1.250000,1.250000,1.191344,56000
1990-10-31,1.281250,1.281250,1.281250,1.281250,1.221127,1600
1990-11-01,1.250000,1.281250,1.218750,1.218750,1.161560,33200
1990-11-02,1.281250,1.281250,1.218750,1.281250,1.221127,35600
1990-11-05,1.281250,1.312500,1.250000,1.281250,1.221127,52400
1990-11-06,1.281250,1.312500,1.187500,1.312500,1.250911,552400
1990-11-07,1.312500,1.312500,1.250000,1.312500,1.250911,103200
1990-11-08,1.312500,1.375000,1.312500,1.375000,1.310478,151600
1990-11-09,1.375000,1.406250,1.312500,1.406250,1.340262,220400
1990-11-12,1.406250,1.437500,1.406250,1.437500,1.370046,19600
1990-11-13,1.437500,1.437500,1.343750,1.343750,1.280695,92800
1990-11-14,1.343750,1.375000,1.312500,1.375000,1.310478,21600
1990-11-15,1.312500,1.406250,1.312500,1.312500,1.250911,148000
1990-11-16,1.312500,1.406250,1.312500,1.375000,1.310478,98000
1990-11-19,1.375000,1.437500,1.375000,1.406250,1.340262,238800
1990-11-20,1.468750,1.500000,1.437500,1.437500,1.370046,364800
1990-11-21,1.437500,1.500000,1.437500,1.468750,1.399829,338800
1990-11-23,1.437500,1.500000,1.437500,1.468750,1.399829,8800
1990-11-26,1.500000,1.531250,1.437500,1.531250,1.459396,152000
1990-11-27,1.593750,1.625000,1.531250,1.593750,1.518963,198000
1990-11-28,1.625000,1.625000,1.468750,1.468750,1.399829,205200
1990-11-29,1.437500,1.500000,1.437500,1.437500,1.370046,266800
1990-11-30,1.437500,1.468750,1.406250,1.468750,1.399829,555600
1990-12-03,1.468750,1.500000,1.468750,1.468750,1.399829,116000
1990-12-04,1.531250,1.531250,1.468750,1.468750,1.399829,62000
1990-12-05,1.437500,1.562500,1.437500,1.562500,1.489180,98800
1990-12-06,1.593750,1.625000,1.531250,1.562500,1.489180,96400
1990-12-07,1.593750,1.625000,1.531250,1.531250,1.459396,33600
1990-12-10,1.531250,1.718750,1.531250,1.656250,1.578531,170800
1990-12-11,1.656250,1.718750,1.593750,1.625000,1.548747,138400
1990-12-12,1.656250,1.656250,1.593750,1.656250,1.578531,30400
1990-12-13,1.656250,1.656250,1.593750,1.625000,1.548747,73600
1990-12-14,1.593750,1.656250,1.593750,1.625000,1.548747,50800
1990-12-17,1.593750,1.656250,1.593750,1.656250,1.578531,26400
1990-12-18,1.656250,1.656250,1.437500,1.437500,1.370046,72400
1990-12-19,1.531250,1.531250,1.437500,1.437500,1.370046,13600
1990-12-20,1.437500,1.437500,1.375000,1.437500,1.370046,203600
1990-12-21,1.375000,1.468750,1.375000,1.437500,1.370046,64800
1990-12-24,1.375000,1.437500,1.375000,1.406250,1.340262,21200
1990-12-26,1.437500,1.468750,1.375000,1.375000,1.310478,34000
1990-12-27,1.375000,1.468750,1.312500,1.312500,1.250911,571600
1990-12-28,1.312500,1.343750,1.281250,1.281250,1.221127,137200
1990-12-31,1.250000,1.312500,1.250000,1.281250,1.221127,199600
1991-01-02,1.375000,1.375000,1.312500,1.343750,1.280695,60800
1991-01-03,1.343750,1.375000,1.312500,1.375000,1.310478,74400
1991-01-04,1.343750,1.375000,1.343750,1.375000,1.310478,7600
1991-01-07,1.375000,1.406250,1.343750,1.375000,1.310478,65200
1991-01-08,1.343750,1.437500,1.343750,1.406250,1.340262,136400
1991-01-09,1.468750,1.500000,1.406250,1.437500,1.370046,206800
1991-01-10,1.468750,1.468750,1.406250,1.468750,1.399829,32000
1991-01-11,1.437500,1.468750,1.406250,1.468750,1.399829,22400
1991-01-14,1.375000,1.437500,1.375000,1.437500,1.370046,98800
1991-01-15,1.375000,1.406250,1.375000,1.375000,1.310478,26000
1991-01-16,1.406250,1.406250,1.312500,1.312500,1.250911,106000
1991-01-17,1.437500,1.437500,1.375000,1.437500,1.370046,383600
1991-01-18,1.375000,1.437500,1.375000,1.437500,1.370046,118400
1991-01-21,1.437500,1.468750,1.406250,1.468750,1.399829,26400
1991-01-22,1.468750,1.593750,1.468750,1.593750,1.518963,126800
1991-01-23,1.625000,1.656250,1.531250,1.656250,1.578531,64800
1991-01-24,1.687500,1.781250,1.687500,1.750000,1.667881,196800
1991-01-25,1.718750,1.750000,1.687500,1.687500,1.608314,95200
1991-01-28,1.687500,1.718750,1.687500,1.718750,1.638098,60800
1991-01-29,1.656250,1.718750,1.656250,1.687500,1.608314,11600
1991-01-30,1.718750,1.781250,1.687500,1.781250,1.697665,253200
1991-01-31,1.812500,1.812500,1.750000,1.781250,1.697665,51600
1991-02-01,1.812500,1.812500,1.750000,1.750000,1.667881,54000
1991-02-04,1.750000,1.812500,1.750000,1.812500,1.727449,47200
1991-02-05,1.875000,1.937500,1.781250,1.937500,1.846583,292800
1991-02-06,1.906250,1.968750,1.906250,1.937500,1.846583,82000
1991-02-07,2.000000,2.125000,1.937500,1.968750,1.876366,407200
1991-02-08,1.937500,2.000000,1.937500,1.937500,1.846583,31600
1991-02-11,2.000000,2.093750,1.937500,2.000000,1.906150,303600
1991-02-12,2.062500,2.062500,1.968750,1.968750,1.876366,118000
1991-02-13,1.968750,2.031250,1.937500,2.000000,1.906150,129600
1991-02-14,1.937500,2.000000,1.937500,2.000000,1.906150,127600
1991-02-15,1.968750,2.000000,1.937500,2.000000,1.906150,156800
1991-02-19,1.937500,1.968750,1.937500,1.968750,1.876366,123600
1991-02-20,1.937500,1.968750,1.937500,1.968750,1.876366,47200
1991-02-21,1.937500,2.125000,1.937500,2.062500,1.965717,205200
1991-02-22,2.156250,2.375000,2.125000,2.187500,2.084852,716400
1991-02-25,2.250000,2.281250,2.187500,2.187500,2.084852,346400
1991-02-26,2.187500,2.250000,2.187500,2.187500,2.084852,189200
1991-02-27,2.218750,2.250000,2.187500,2.250000,2.144419,464000
1991-02-28,2.218750,2.250000,2.187500,2.187500,2.084852,135200
1991-03-01,2.250000,2.250000,2.156250,2.250000,2.144419,268800
1991-03-04,2.250000,2.250000,2.187500,2.250000,2.144419,73600
1991-03-05,2.281250,2.375000,2.250000,2.375000,2.263553,248400
1991-03-06,2.437500,2.531250,2.406250,2.468750,2.352904,391600
1991-03-07,2.468750,2.562500,2.468750,2.468750,2.352904,244400
1991-03-08,2.468750,2.531250,2.468750,2.468750,2.352904,209200
1991-03-11,2.500000,2.500000,2.406250,2.468750,2.352904,109200
1991-03-12,2.281250,2.281250,1.968750,2.062500,1.965717,1331200
1991-03-13,2.031250,2.281250,2.031250,2.281250,2.174202,1362400
1991-03-14,2.281250,2.343750,2.250000,2.281250,2.174202,267200
1991-03-15,2.250000,2.281250,2.250000,2.250000,2.144419,103200
1991-03-18,2.250000,2.281250,2.250000,2.250000,2.144419,44800
1991-03-19,2.218750,2.218750,2.156250,2.187500,2.084852,205200
1991-03-20,2.187500,2.218750,2.125000,2.156250,2.055068,235600
1991-03-21,2.156250,2.218750,2.156250,2.218750,2.114635,120400
1991-03-22,2.187500,2.250000,2.187500,2.187500,2.084852,60800
1991-03-25,2.187500,2.250000,2.187500,2.187500,2.084852,12800
1991-03-26,2.187500,2.312500,2.187500,2.312500,2.203986,105600
1991-03-27,2.218750,2.406250,2.218750,2.312500,2.203986,229600
1991-03-28,2.375000,2.375000,2.250000,2.312500,2.203986,114000
1991-04-01,2.218750,2.281250,2.156250,2.156250,2.055068,119600
1991-04-02,2.156250,2.250000,2.156250,2.250000,2.144419,86800
1991-04-03,2.281250,2.312500,2.187500,2.218750,2.114635,220000
1991-04-04,2.218750,2.281250,2.218750,2.281250,2.174202,501200
1991-04-05,2.250000,2.250000,2.250000,2.250000,2.144419,48800
1991-04-08,2.375000,2.406250,2.281250,2.343750,2.233770,156800
1991-04-09,2.343750,2.343750,2.250000,2.312500,2.203986,116000
1991-04-10,2.250000,2.312500,2.250000,2.250000,2.144419,67200
1991-04-11,2.250000,2.312500,2.250000,2.312500,2.203986,112400
1991-04-12,2.250000,2.343750,2.250000,2.312500,2.203986,235600
1991-04-15,2.250000,2.281250,2.187500,2.281250,2.174202,201600
1991-04-16,2.250000,2.281250,2.218750,2.250000,2.144419,151600
1991-04-17,2.281250,2.343750,2.250000,2.343750,2.233770,428000
1991-04-18,2.312500,2.468750,2.312500,2.468750,2.352904,254000
1991-04-19,2.468750,2.468750,2.343750,2.437500,2.323121,214000
1991-04-22,2.406250,2.468750,2.375000,2.406250,2.293337,38800
1991-04-23,2.406250,2.500000,2.312500,2.406250,2.293337,170400
1991-04-24,2.343750,2.343750,2.343750,2.343750,2.233770,4800
1991-04-25,2.312500,2.375000,2.312500,2.375000,2.263553,76000
1991-04-26,2.281250,2.375000,2.281250,2.312500,2.203986,91200
1991-04-29,2.281250,2.312500,2.187500,2.250000,2.144419,170000
1991-04-30,2.187500,2.250000,2.125000,2.125000,2.025285,382000
1991-05-01,2.125000,2.218750,2.125000,2.218750,2.114635,120000
1991-05-02,2.218750,2.250000,2.156250,2.187500,2.084852,100000
1991-05-03,2.187500,2.250000,2.187500,2.250000,2.144419,38800
1991-05-06,2.187500,2.218750,2.187500,2.218750,2.114635,67200
1991-05-07,2.187500,2.250000,2.187500,2.187500,2.084852,77600
1991-05-08,2.187500,2.250000,2.187500,2.187500,2.084852,142000
1991-05-09,2.281250,2.281250,2.187500,2.187500,2.084852,73600
1991-05-10,2.281250,2.281250,2.187500,2.250000,2.144419,72000
1991-05-13,2.250000,2.250000,2.187500,2.250000,2.144419,2800
1991-05-14,2.187500,2.250000,2.187500,2.187500,2.084852,14800
1991-05-15,2.250000,2.250000,2.125000,2.218750,2.114635,89200
1991-05-16,2.156250,2.187500,2.156250,2.156250,2.055068,17200
1991-05-17,2.156250,2.218750,2.125000,2.218750,2.114635,48000
1991-05-20,2.125000,2.156250,2.125000,2.156250,2.055068,74800
1991-05-21,2.125000,2.187500,2.125000,2.125000,2.025285,33600
1991-05-22,2.125000,2.156250,2.125000,2.125000,2.025285,36800
1991-05-23,2.187500,2.187500,2.031250,2.093750,1.995501,120800
1991-05-24,2.093750,2.125000,2.062500,2.125000,2.025285,27600
1991-05-28,2.125000,2.125000,2.062500,2.125000,2.025285,88400
1991-05-29,2.156250,2.156250,2.093750,2.125000,2.025285,72800
1991-05-30,2.156250,2.218750,2.156250,2.156250,2.055068,39600
1991-05-31,2.125000,2.218750,2.125000,2.218750,2.114635,76000
1991-06-03,2.250000,2.281250,2.218750,2.250000,2.144419,151200
1991-06-04,2.281250,2.281250,2.218750,2.250000,2.144419,41600
1991-06-05,2.281250,2.281250,2.218750,2.250000,2.144419,62800
1991-06-06,2.218750,2.281250,2.218750,2.250000,2.144419,16400
1991-06-07,2.218750,2.250000,2.218750,2.250000,2.144419,110800
1991-06-10,2.250000,2.250000,2.187500,2.187500,2.084852,36800
1991-06-11,2.218750,2.250000,2.187500,2.187500,2.084852,79600
1991-06-12,2.156250,2.156250,2.093750,2.125000,2.025285,64800
1991-06-13,2.125000,2.156250,2.125000,2.125000,2.025285,7600
1991-06-14,2.156250,2.156250,2.093750,2.093750,1.995501,435600
1991-06-17,2.093750,2.125000,2.093750,2.093750,1.995501,254000
1991-06-18,2.125000,2.156250,2.093750,2.156250,2.055068,34000
1991-06-19,2.156250,2.156250,2.093750,2.093750,1.995501,6800
1991-06-20,2.093750,2.093750,2.000000,2.062500,1.965717,198800
1991-06-21,2.062500,2.062500,1.968750,2.062500,1.965717,38000
1991-06-24,1.968750,2.000000,1.968750,2.000000,1.906150,48000
1991-06-25,1.968750,2.000000,1.968750,2.000000,1.906150,198000
1991-06-26,1.968750,1.968750,1.968750,1.968750,1.876366,46000
1991-06-27,1.968750,1.968750,1.968750,1.968750,1.876366,6400
1991-06-28,1.968750,2.000000,1.968750,1.968750,1.876366,89200
1991-07-01,1.968750,2.031250,1.968750,2.031250,1.935934,123600
1991-07-02,1.968750,1.968750,1.968750,1.968750,1.876366,4400
1991-07-03,1.968750,2.062500,1.968750,1.968750,1.876366,266400
1991-07-05,1.968750,2.000000,1.968750,2.000000,1.906150,13200
1991-07-08,1.968750,2.000000,1.968750,1.968750,1.876366,251200
1991-07-09,2.062500,2.062500,2.000000,2.031250,1.935934,32800
1991-07-10,1.968750,2.000000,1.968750,1.968750,1.876366,413600
1991-07-11,2.062500,2.062500,2.031250,2.031250,1.935934,24000
1991-07-12,1.968750,2.031250,1.968750,1.968750,1.876366,20800
1991-07-15,2.000000,2.031250,2.000000,2.000000,1.906150,42400
1991-07-16,2.000000,2.062500,2.000000,2.000000,1.906150,62000
1991-07-17,2.000000,2.031250,1.968750,1.968750,1.876366,44000
1991-07-18,1.968750,2.031250,1.968750,1.968750,1.876366,45600
1991-07-19,2.031250,2.031250,2.031250,2.031250,1.935934,3600
1991-07-22,2.031250,2.031250,1.968750,1.968750,1.876366,114000
1991-07-23,1.968750,1.968750,1.968750,1.968750,1.876366,33200
1991-07-24,1.968750,2.000000,1.968750,1.968750,1.876366,111600
1991-07-25,1.968750,2.031250,1.968750,2.000000,1.906150,38400
1991-07-26,1.968750,2.031250,1.968750,2.031250,1.935934,43600
1991-07-29,1.968750,2.031250,1.968750,2.000000,1.906150,62400
1991-07-30,1.968750,2.000000,1.968750,1.968750,1.876366,328800
1991-07-31,2.000000,2.000000,1.843750,1.906250,1.816799,607200
1991-08-01,1.937500,1.937500,1.843750,1.843750,1.757232,53200
1991-08-02,1.843750,1.906250,1.781250,1.843750,1.757232,1589200
1991-08-05,1.843750,1.906250,1.843750,1.906250,1.816799,25600
1991-08-06,1.843750,1.906250,1.843750,1.875000,1.787016,133600
1991-08-07,1.906250,1.937500,1.843750,1.875000,1.787016,45600
1991-08-08,1.843750,1.875000,1.843750,1.875000,1.787016,26000
1991-08-09,1.843750,1.906250,1.843750,1.906250,1.816799,86400
1991-08-12,1.875000,1.875000,1.781250,1.781250,1.697665,135200
1991-08-13,1.843750,1.843750,1.781250,1.781250,1.697665,49200
1991-08-14,1.843750,1.843750,1.718750,1.781250,1.697665,61600
1991-08-15,1.687500,1.750000,1.625000,1.625000,1.548747,72400
1991-08-16,1.625000,1.687500,1.625000,1.687500,1.608314,71600
1991-08-19,1.625000,1.625000,1.531250,1.531250,1.459396,86000
1991-08-20,1.625000,1.625000,1.562500,1.625000,1.548747,14000
1991-08-21,1.625000,1.687500,1.625000,1.625000,1.548747,38400
1991-08-22,1.656250,1.687500,1.625000,1.687500,1.608314,24800
1991-08-23,1.687500,1.718750,1.625000,1.718750,1.638098,32000
1991-08-26,1.656250,1.750000,1.656250,1.750000,1.667881,24800
1991-08-27,1.750000,1.750000,1.656250,1.750000,1.667881,86800
1991-08-28,1.718750,1.750000,1.687500,1.750000,1.667881,14000
1991-08-29,1.781250,1.781250,1.750000,1.781250,1.697665,34400
1991-08-30,1.781250,1.781250,1.718750,1.750000,1.667881,31200
1991-09-03,1.781250,1.781250,1.718750,1.718750,1.638098,16400
1991-09-04,1.718750,1.812500,1.718750,1.750000,1.667881,98000
1991-09-05,1.750000,1.875000,1.750000,1.875000,1.787016,58400
1991-09-06,1.843750,1.875000,1.812500,1.812500,1.727449,89600
1991-09-09,1.875000,1.875000,1.781250,1.843750,1.757232,97600
1991-09-10,1.843750,1.843750,1.781250,1.843750,1.757232,95600
1991-09-11,1.781250,1.843750,1.781250,1.781250,1.697665,174000
1991-09-12,1.781250,1.843750,1.750000,1.843750,1.757232,115200
1991-09-13,1.843750,1.843750,1.718750,1.812500,1.727449,56800
1991-09-16,1.718750,1.718750,1.718750,1.718750,1.638098,39200
1991-09-17,1.718750,1.812500,1.718750,1.750000,1.667881,18400
1991-09-18,1.718750,1.781250,1.656250,1.656250,1.578531,143200
1991-09-19,1.750000,1.750000,1.656250,1.750000,1.667881,39200
1991-09-20,1.750000,1.750000,1.687500,1.750000,1.667881,56000
1991-09-23,1.750000,1.750000,1.656250,1.656250,1.578531,24800
1991-09-24,1.687500,1.718750,1.625000,1.625000,1.548747,104800
1991-09-25,1.687500,1.687500,1.625000,1.687500,1.608314,28000
1991-09-26,1.625000,1.687500,1.625000,1.687500,1.608314,74400
1991-09-27,1.687500,1.687500,1.625000,1.625000,1.548747,34800
1991-09-30,1.625000,1.656250,1.562500,1.593750,1.518963,171200
1991-10-01,1.531250,1.562500,1.500000,1.500000,1.429613,40000
1991-10-02,1.562500,1.562500,1.500000,1.531250,1.459396,109600
1991-10-03,1.468750,1.500000,1.375000,1.406250,1.340262,243200
1991-10-04,1.437500,1.687500,1.437500,1.625000,1.548747,297600
1991-10-07,1.593750,1.593750,1.531250,1.562500,1.489180,180400
1991-10-08,1.500000,1.593750,1.500000,1.500000,1.429613,44000
1991-10-09,1.531250,1.531250,1.468750,1.468750,1.399829,53200
1991-10-10,1.500000,1.500000,1.500000,1.500000,1.429613,13600
1991-10-11,1.500000,1.562500,1.500000,1.500000,1.429613,26800
1991-10-14,1.562500,1.562500,1.500000,1.562500,1.489180,23600
1991-10-15,1.531250,1.562500,1.500000,1.500000,1.429613,220000
1991-10-16,1.531250,1.625000,1.531250,1.593750,1.518963,200000
1991-10-17,1.562500,1.687500,1.562500,1.687500,1.608314,312400
1991-10-18,1.718750,1.750000,1.656250,1.750000,1.667881,215600
1991-10-21,1.656250,1.750000,1.656250,1.750000,1.667881,73600
1991-10-22,1.687500,1.781250,1.687500,1.781250,1.697665,88400
1991-10-23,1.718750,1.718750,1.718750,1.718750,1.638098,34400
1991-10-24,1.718750,1.750000,1.625000,1.625000,1.548747,84800
1991-10-25,1.687500,1.687500,1.531250,1.531250,1.459396,66000
1991-10-28,1.500000,1.593750,1.500000,1.562500,1.489180,45200
1991-10-29,1.562500,1.593750,1.562500,1.593750,1.518963,16400
1991-10-30,1.500000,1.593750,1.500000,1.593750,1.518963,139200
1991-10-31,1.593750,1.687500,1.593750,1.687500,1.608314,82800
1991-11-01,1.625000,1.687500,1.625000,1.687500,1.608314,55600
1991-11-04,1.687500,1.750000,1.656250,1.750000,1.667881,51600
1991-11-05,1.750000,1.750000,1.750000,1.750000,1.667881,32000
1991-11-06,1.687500,1.687500,1.656250,1.656250,1.578531,25600
1991-11-07,1.656250,1.750000,1.656250,1.656250,1.578531,21200
1991-11-08,1.718750,1.718750,1.656250,1.656250,1.578531,24800
1991-11-11,1.656250,1.656250,1.656250,1.656250,1.578531,1600
1991-11-12,1.656250,1.656250,1.656250,1.656250,1.578531,44800
1991-11-13,1.656250,1.718750,1.656250,1.718750,1.638098,149600
1991-11-14,1.656250,1.750000,1.656250,1.718750,1.638098,176800
1991-11-15,1.718750,1.750000,1.625000,1.656250,1.578531,100400
1991-11-18,1.593750,1.687500,1.593750,1.625000,1.548747,44400
1991-11-19,1.656250,1.656250,1.531250,1.531250,1.459396,102800
1991-11-20,1.531250,1.593750,1.531250,1.562500,1.489180,116400
1991-11-21,1.531250,1.625000,1.531250,1.625000,1.548747,56400
1991-11-22,1.531250,1.625000,1.531250,1.531250,1.459396,32000
1991-11-25,1.531250,1.625000,1.531250,1.531250,1.459396,48400
1991-11-26,1.531250,1.562500,1.406250,1.500000,1.429613,160800
1991-11-27,1.500000,1.531250,1.468750,1.468750,1.399829,64800
1991-11-29,1.531250,1.531250,1.468750,1.468750,1.399829,51600
1991-12-02,1.468750,1.500000,1.406250,1.406250,1.340262,152000
1991-12-03,1.468750,1.468750,1.437500,1.468750,1.399829,325200
1991-12-04,1.500000,1.531250,1.468750,1.531250,1.459396,231600
1991-12-05,1.531250,1.531250,1.468750,1.468750,1.399829,10800
1991-12-06,1.468750,1.531250,1.468750,1.531250,1.459396,160800
1991-12-09,1.468750,1.531250,1.437500,1.437500,1.370046,66000
1991-12-10,1.437500,1.437500,1.437500,1.437500,1.370046,52400
1991-12-11,1.468750,1.531250,1.406250,1.406250,1.340262,70400
1991-12-12,1.406250,1.500000,1.406250,1.406250,1.340262,44000
1991-12-13,1.468750,1.500000,1.437500,1.437500,1.370046,157600
1991-12-16,1.437500,1.500000,1.437500,1.437500,1.370046,167200
1991-12-17,1.500000,1.500000,1.437500,1.468750,1.399829,340800
1991-12-18,1.437500,1.468750,1.437500,1.437500,1.370046,13600
1991-12-19,1.500000,1.500000,1.437500,1.500000,1.429613,80400
1991-12-20,1.468750,1.531250,1.468750,1.468750,1.399829,36400
1991-12-23,1.468750,1.593750,1.468750,1.593750,1.518963,268000
1991-12-24,1.593750,1.625000,1.531250,1.531250,1.459396,33600
1991-12-26,1.625000,1.718750,1.531250,1.718750,1.638098,134800
1991-12-27,1.750000,1.750000,1.656250,1.750000,1.667881,98800
1991-12-30,1.656250,1.750000,1.656250,1.750000,1.667881,140400
1991-12-31,1.812500,1.843750,1.750000,1.843750,1.757232,342800
1992-01-02,1.812500,1.812500,1.718750,1.781250,1.697665,57200
1992-01-03,1.812500,2.062500,1.781250,1.968750,1.876366,301200
1992-01-06,2.062500,2.093750,1.968750,2.031250,1.935934,324400
1992-01-07,2.000000,2.031250,1.812500,1.812500,1.727449,331200
1992-01-08,1.812500,1.812500,1.687500,1.750000,1.667881,246000
1992-01-09,1.718750,1.781250,1.687500,1.687500,1.608314,149600
1992-01-10,1.656250,1.718750,1.625000,1.687500,1.608314,84000
1992-01-13,1.625000,1.687500,1.625000,1.656250,1.578531,85200
1992-01-14,1.656250,1.718750,1.593750,1.718750,1.638098,560000
1992-01-15,1.750000,1.750000,1.656250,1.687500,1.608314,92800
1992-01-16,1.656250,1.906250,1.656250,1.875000,1.787016,244800
1992-01-17,1.875000,1.968750,1.875000,1.968750,1.876366,156000
1992-01-20,1.968750,1.968750,1.906250,1.906250,1.816799,55200
1992-01-21,1.906250,1.906250,1.812500,1.812500,1.727449,124800
1992-01-22,1.812500,1.875000,1.812500,1.843750,1.757232,58000
1992-01-23,1.875000,1.906250,1.843750,1.843750,1.757232,36800
1992-01-24,1.906250,1.906250,1.843750,1.906250,1.816799,31600
1992-01-27,1.843750,1.875000,1.843750,1.843750,1.757232,60400
1992-01-28,1.875000,1.875000,1.843750,1.875000,1.787016,29200
1992-01-29,1.875000,1.875000,1.781250,1.781250,1.697665,57200
1992-01-30,1.781250,1.875000,1.781250,1.875000,1.787016,109600
1992-01-31,1.875000,1.875000,1.781250,1.875000,1.787016,16400
1992-02-03,1.843750,1.843750,1.750000,1.750000,1.667881,41200
1992-02-04,1.718750,1.843750,1.718750,1.750000,1.667881,150800
1992-02-05,1.750000,1.843750,1.750000,1.750000,1.667881,45200
1992-02-06,1.750000,1.812500,1.750000,1.750000,1.667881,183200
1992-02-07,1.718750,1.812500,1.687500,1.781250,1.697665,76800
1992-02-10,1.781250,1.781250,1.687500,1.750000,1.667881,130800
1992-02-11,1.687500,1.781250,1.687500,1.781250,1.697665,48000
1992-02-12,1.781250,1.812500,1.687500,1.781250,1.697665,42000
1992-02-13,1.812500,1.875000,1.812500,1.843750,1.757232,44800
1992-02-14,1.812500,1.875000,1.812500,1.812500,1.727449,76400
1992-02-18,1.812500,1.875000,1.781250,1.781250,1.697665,134400
1992-02-19,1.843750,1.843750,1.750000,1.781250,1.697665,56000
1992-02-20,1.843750,1.843750,1.750000,1.843750,1.757232,46000
1992-02-21,1.750000,1.843750,1.750000,1.750000,1.667881,9600
1992-02-24,1.750000,1.843750,1.750000,1.781250,1.697665,50800
1992-02-25,1.781250,1.812500,1.750000,1.781250,1.697665,97200
1992-02-26,1.750000,1.812500,1.750000,1.781250,1.697665,36400
1992-02-27,1.750000,1.781250,1.687500,1.687500,1.608314,84000
1992-02-28,1.687500,1.718750,1.687500,1.687500,1.608314,104000
1992-03-02,1.687500,1.718750,1.593750,1.625000,1.548747,94400
1992-03-03,1.593750,1.687500,1.593750,1.656250,1.578531,218800
1992-03-04,1.687500,1.687500,1.625000,1.687500,1.608314,15200
1992-03-05,1.625000,1.687500,1.531250,1.531250,1.459396,265200
1992-03-06,1.625000,1.625000,1.531250,1.625000,1.548747,34000
1992-03-09,1.625000,1.625000,1.562500,1.593750,1.518963,49200
1992-03-10,1.562500,1.625000,1.562500,1.562500,1.489180,58000
1992-03-11,1.625000,1.625000,1.562500,1.625000,1.548747,30000
1992-03-12,1.531250,1.656250,1.531250,1.625000,1.548747,92000
1992-03-13,1.625000,1.718750,1.625000,1.718750,1.638098,15600
1992-03-16,1.625000,1.718750,1.625000,1.718750,1.638098,17600
1992-03-17,1.687500,1.687500,1.625000,1.687500,1.608314,6400
1992-03-18,1.656250,1.718750,1.625000,1.625000,1.548747,70400
1992-03-19,1.656250,1.656250,1.562500,1.625000,1.548747,39600
1992-03-20,1.593750,1.625000,1.562500,1.562500,1.489180,12800
1992-03-23,1.562500,1.625000,1.562500,1.562500,1.489180,22800
1992-03-24,1.562500,1.625000,1.531250,1.625000,1.548747,488800
1992-03-25,1.625000,1.625000,1.562500,1.562500,1.489180,38000
1992-03-26,1.562500,1.562500,1.562500,1.562500,1.489180,7600
1992-03-27,1.625000,1.625000,1.531250,1.593750,1.518963,260800
1992-03-30,1.625000,1.625000,1.562500,1.562500,1.489180,7600
1992-03-31,1.562500,1.625000,1.562500,1.593750,1.518963,12400
1992-04-01,1.562500,1.625000,1.500000,1.531250,1.459396,176800
1992-04-02,1.437500,1.562500,1.437500,1.562500,1.489180,17200
1992-04-03,1.437500,1.562500,1.437500,1.437500,1.370046,26400
1992-04-06,1.562500,1.562500,1.437500,1.437500,1.370046,34400
1992-04-07,1.437500,1.500000,1.312500,1.312500,1.250911,141600
1992-04-08,1.312500,1.312500,1.250000,1.312500,1.250911,62800
1992-04-09,1.312500,1.312500,1.250000,1.312500,1.250911,308800
1992-04-10,1.312500,1.312500,1.250000,1.250000,1.191344,68800
1992-04-13,1.312500,1.312500,1.250000,1.250000,1.191344,44400
1992-04-14,1.312500,1.343750,1.250000,1.281250,1.221127,396400
1992-04-15,1.343750,1.343750,1.281250,1.343750,1.280695,137600
1992-04-16,1.343750,1.375000,1.312500,1.375000,1.310478,220000
1992-04-20,1.312500,1.375000,1.312500,1.375000,1.310478,284800
1992-04-21,1.375000,1.375000,1.250000,1.343750,1.280695,95200
1992-04-22,1.250000,1.343750,1.250000,1.343750,1.280695,6000
1992-04-23,1.250000,1.312500,1.187500,1.187500,1.131777,266800
1992-04-24,1.250000,1.250000,1.187500,1.250000,1.191344,182000
1992-04-27,1.250000,1.250000,1.187500,1.250000,1.191344,77600
1992-04-28,1.187500,1.250000,1.187500,1.187500,1.131777,148000
1992-04-29,1.187500,1.250000,1.156250,1.218750,1.161560,201600
1992-04-30,1.156250,1.218750,1.156250,1.218750,1.161560,208400
1992-05-01,1.218750,1.250000,1.187500,1.218750,1.161560,142800
1992-05-04,1.187500,1.218750,1.156250,1.187500,1.131777,189200
1992-05-05,1.156250,1.218750,1.156250,1.187500,1.131777,317600
1992-05-06,1.218750,1.218750,1.156250,1.218750,1.161560,342000
1992-05-07,1.218750,1.312500,1.218750,1.312500,1.250911,44800
1992-05-08,1.312500,1.312500,1.218750,1.312500,1.250911,45600
1992-05-11,1.312500,1.312500,1.218750,1.312500,1.250911,188000
1992-05-12,1.312500,1.312500,1.250000,1.312500,1.250911,158400
1992-05-13,1.312500,1.312500,1.218750,1.312500,1.250911,88800
1992-05-14,1.218750,1.218750,1.218750,1.218750,1.161560,4400
1992-05-15,1.250000,1.312500,1.250000,1.312500,1.250911,67600
1992-05-18,1.250000,1.312500,1.218750,1.312500,1.250911,62000
1992-05-19,1.312500,1.312500,1.218750,1.312500,1.250911,74000
1992-05-20,1.312500,1.312500,1.187500,1.250000,1.191344,14800
1992-05-21,1.218750,1.312500,1.218750,1.218750,1.161560,42800
1992-05-22,1.218750,1.281250,1.218750,1.281250,1.221127,488000
1992-05-26,1.250000,1.250000,1.187500,1.250000,1.191344,147600
1992-05-27,1.250000,1.250000,1.187500,1.250000,1.191344,59600
1992-05-28,1.250000,1.250000,1.187500,1.218750,1.161560,152800
1992-05-29,1.250000,1.250000,1.187500,1.250000,1.191344,60400
1992-06-01,1.281250,1.281250,1.281250,1.281250,1.221127,12400
1992-06-02,1.218750,1.281250,1.218750,1.281250,1.221127,89600
1992-06-03,1.312500,1.312500,1.218750,1.250000,1.191344,4400
1992-06-04,1.218750,1.281250,1.218750,1.218750,1.161560,25600
1992-06-05,1.218750,1.281250,1.218750,1.281250,1.221127,8800
1992-06-08,1.281250,1.281250,1.218750,1.281250,1.221127,2800
1992-06-09,1.218750,1.281250,1.218750,1.250000,1.191344,74000
1992-06-10,1.250000,1.250000,1.187500,1.187500,1.131777,207600
1992-06-11,1.218750,1.218750,1.125000,1.156250,1.101993,246800
1992-06-12,1.125000,1.187500,1.125000,1.187500,1.131777,139600
1992-06-15,1.187500,1.187500,1.125000,1.187500,1.131777,25200
1992-06-16,1.187500,1.187500,1.125000,1.187500,1.131777,30000
1992-06-17,1.125000,1.125000,1.125000,1.125000,1.072209,9200
1992-06-18,1.125000,1.187500,1.125000,1.125000,1.072209,18400
1992-06-19,1.187500,1.187500,1.125000,1.125000,1.072209,16400
1992-06-22,1.187500,1.187500,1.125000,1.125000,1.072209,21600
1992-06-23,1.125000,1.187500,1.125000,1.187500,1.131777,14400
1992-06-24,1.125000,1.187500,1.125000,1.125000,1.072209,8800
1992-06-25,1.125000,1.218750,1.125000,1.125000,1.072209,5200
1992-06-26,1.125000,1.218750,1.125000,1.125000,1.072209,44000
1992-06-29,1.125000,1.218750,1.062500,1.062500,1.012642,142800
1992-06-30,1.125000,1.125000,1.031250,1.093750,1.042426,392800
1992-07-01,1.093750,1.093750,0.937500,1.031250,0.982859,200000
1992-07-02,1.031250,1.062500,1.000000,1.031250,0.982859,34400
1992-07-06,1.031250,1.031250,1.000000,1.000000,0.953075,26400
1992-07-07,1.000000,1.031250,0.968750,0.968750,0.923291,82800
1992-07-08,1.031250,1.031250,1.000000,1.031250,0.982859,121200
1992-07-09,0.968750,1.031250,0.968750,1.031250,0.982859,161200
1992-07-10,1.062500,1.062500,1.000000,1.062500,1.012642,118800
1992-07-13,1.093750,1.093750,1.000000,1.093750,1.042426,36000
1992-07-14,1.093750,1.093750,1.000000,1.031250,0.982859,32800
1992-07-15,1.093750,1.093750,1.000000,1.093750,1.042426,14000
1992-07-16,1.093750,1.093750,1.000000,1.000000,0.953075,1600
1992-07-17,1.000000,1.093750,1.000000,1.093750,1.042426,22400
1992-07-20,1.000000,1.093750,1.000000,1.031250,0.982859,61200
1992-07-21,1.031250,1.093750,1.000000,1.093750,1.042426,306400
1992-07-22,1.093750,1.093750,1.000000,1.062500,1.012642,25600
1992-07-23,1.062500,1.062500,1.000000,1.062500,1.012642,176800
1992-07-24,1.062500,1.062500,1.000000,1.031250,0.982859,46400
1992-07-27,1.062500,1.156250,1.062500,1.125000,1.072209,178400
1992-07-28,1.125000,1.250000,1.125000,1.250000,1.191344,112400
1992-07-29,1.250000,1.281250,1.187500,1.281250,1.221127,939600
1992-07-30,1.312500,1.437500,1.250000,1.437500,1.370046,250400
1992-07-31,1.468750,1.500000,1.375000,1.500000,1.429613,65600
1992-08-03,1.500000,1.500000,1.406250,1.500000,1.429613,57600
1992-08-04,1.437500,1.468750,1.406250,1.437500,1.370046,128000
1992-08-05,1.375000,1.437500,1.343750,1.437500,1.370046,16400
1992-08-06,1.343750,1.437500,1.343750,1.375000,1.310478,59600
1992-08-07,1.437500,1.437500,1.312500,1.312500,1.250911,3600
1992-08-10,1.312500,1.375000,1.312500,1.375000,1.310478,10000
1992-08-11,1.437500,1.437500,1.312500,1.312500,1.250911,11200
1992-08-12,1.437500,1.437500,1.250000,1.250000,1.191344,94000
1992-08-13,1.250000,1.312500,1.156250,1.187500,1.131777,31600
1992-08-14,1.187500,1.187500,1.156250,1.187500,1.131777,135200
1992-08-17,1.187500,1.187500,1.156250,1.156250,1.101993,220000
1992-08-18,1.156250,1.250000,1.156250,1.250000,1.191344,8400
1992-08-19,1.187500,1.187500,1.187500,1.187500,1.131777,59600
1992-08-20,1.187500,1.250000,1.187500,1.187500,1.131777,38400
1992-08-21,1.187500,1.218750,1.156250,1.156250,1.101993,87600
1992-08-24,1.156250,1.250000,1.156250,1.250000,1.191344,5600
1992-08-25,1.250000,1.250000,1.156250,1.156250,1.101993,6400
1992-08-26,1.218750,1.250000,1.218750,1.250000,1.191344,63600
1992-08-27,1.312500,1.312500,1.218750,1.218750,1.161560,168800
1992-08-28,1.312500,1.312500,1.218750,1.250000,1.191344,148400
1992-08-31,1.281250,1.281250,1.218750,1.250000,1.191344,13200
1992-09-01,1.281250,1.281250,1.281250,1.281250,1.221127,3200
1992-09-02,1.218750,1.250000,1.218750,1.250000,1.191344,10800
1992-09-03,1.281250,1.281250,1.218750,1.250000,1.191344,36000
1992-09-04,1.218750,1.218750,1.218750,1.218750,1.161560,6800
1992-09-08,1.281250,1.281250,1.187500,1.187500,1.131777,119200
1992-09-09,1.156250,1.250000,1.156250,1.218750,1.161560,12000
1992-09-10,1.156250,1.250000,1.156250,1.250000,1.191344,46400
1992-09-11,1.156250,1.250000,1.156250,1.187500,1.131777,10800
1992-09-14,1.250000,1.250000,1.156250,1.250000,1.191344,31200
1992-09-15,1.250000,1.250000,1.250000,1.250000,1.191344,3200
1992-09-16,1.156250,1.250000,1.156250,1.187500,1.131777,4000
1992-09-17,1.250000,1.250000,1.156250,1.156250,1.101993,3200
1992-09-18,1.156250,1.187500,1.156250,1.187500,1.131777,12400
1992-09-21,1.218750,1.218750,1.125000,1.218750,1.161560,21200
1992-09-22,1.125000,1.156250,1.125000,1.156250,1.101993,10800
1992-09-23,1.125000,1.218750,1.125000,1.218750,1.161560,40000
1992-09-24,1.218750,1.218750,1.156250,1.156250,1.101993,5600
1992-09-25,1.156250,1.218750,1.156250,1.156250,1.101993,24800
1992-09-28,1.156250,1.156250,1.156250,1.156250,1.101993,0
1992-09-29,1.156250,1.250000,1.156250,1.250000,1.191344,192000
1992-09-30,1.187500,1.250000,1.187500,1.250000,1.191344,29200
1992-10-01,1.187500,1.250000,1.187500,1.218750,1.161560,33200
1992-10-02,1.187500,1.187500,1.187500,1.187500,1.131777,8800
1992-10-05,1.187500,1.218750,1.187500,1.218750,1.161560,93200
1992-10-06,1.187500,1.187500,1.187500,1.187500,1.131777,800
1992-10-07,1.187500,1.218750,1.187500,1.218750,1.161560,23600
1992-10-08,1.187500,1.281250,1.187500,1.281250,1.221127,18000
1992-10-09,1.218750,1.281250,1.218750,1.281250,1.221127,12000
1992-10-12,1.218750,1.218750,1.218750,1.218750,1.161560,4800
1992-10-13,1.281250,1.281250,1.218750,1.218750,1.161560,9200
1992-10-14,1.218750,1.281250,1.218750,1.281250,1.221127,10000
1992-10-15,1.218750,1.343750,1.218750,1.343750,1.280695,100800
1992-10-16,1.281250,1.343750,1.281250,1.343750,1.280695,37200
1992-10-19,1.250000,1.406250,1.250000,1.406250,1.340262,112400
1992-10-20,1.406250,1.406250,1.375000,1.375000,1.310478,262800
1992-10-21,1.406250,1.406250,1.343750,1.343750,1.280695,8000
1992-10-22,1.406250,1.406250,1.343750,1.343750,1.280695,155200
1992-10-23,1.375000,1.375000,1.343750,1.375000,1.310478,110800
1992-10-26,1.406250,1.406250,1.343750,1.375000,1.310478,128800
1992-10-27,1.406250,1.406250,1.375000,1.375000,1.310478,54000
1992-10-28,1.406250,1.406250,1.343750,1.375000,1.310478,60800
1992-10-29,1.406250,1.406250,1.343750,1.375000,1.310478,77600
1992-10-30,1.343750,1.343750,1.343750,1.343750,1.280695,36000
1992-11-02,1.343750,1.406250,1.343750,1.343750,1.280695,70000
1992-11-03,1.343750,1.406250,1.343750,1.375000,1.310478,14400
1992-11-04,1.406250,1.406250,1.343750,1.343750,1.280695,167200
1992-11-05,1.406250,1.406250,1.343750,1.343750,1.280695,174000
1992-11-06,1.343750,1.406250,1.343750,1.406250,1.340262,212800
1992-11-09,1.375000,1.500000,1.375000,1.500000,1.429613,295600
1992-11-10,1.437500,1.531250,1.437500,1.531250,1.459396,146400
1992-11-11,1.468750,1.500000,1.468750,1.500000,1.429613,112000
1992-11-12,1.437500,1.468750,1.343750,1.437500,1.370046,196000
1992-11-13,1.343750,1.437500,1.343750,1.437500,1.370046,28800
1992-11-16,1.437500,1.437500,1.375000,1.375000,1.310478,415200
1992-11-17,1.375000,1.468750,1.375000,1.406250,1.340262,90800
1992-11-18,1.406250,1.593750,1.406250,1.562500,1.489180,302800
1992-11-19,1.593750,1.656250,1.468750,1.531250,1.459396,445200
1992-11-20,1.500000,1.593750,1.500000,1.562500,1.489180,212800
1992-11-23,1.593750,1.593750,1.531250,1.562500,1.489180,139600
1992-11-24,1.531250,1.593750,1.531250,1.593750,1.518963,106000
1992-11-25,1.531250,1.625000,1.531250,1.625000,1.548747,318000
1992-11-27,1.625000,1.625000,1.562500,1.562500,1.489180,35200
1992-11-30,1.531250,1.656250,1.531250,1.593750,1.518963,198800
1992-12-01,1.593750,1.656250,1.562500,1.625000,1.548747,83200
1992-12-02,1.593750,1.656250,1.593750,1.593750,1.518963,64400
1992-12-03,1.593750,1.656250,1.593750,1.593750,1.518963,82800
1992-12-04,1.656250,1.687500,1.593750,1.593750,1.518963,25200
1992-12-07,1.625000,1.687500,1.593750,1.656250,1.578531,111200
1992-12-08,1.593750,1.656250,1.468750,1.500000,1.429613,235600
1992-12-09,1.500000,1.500000,1.375000,1.437500,1.370046,454000
1992-12-10,1.437500,1.593750,1.406250,1.468750,1.399829,374800
1992-12-11,1.468750,1.562500,1.468750,1.562500,1.489180,108800
1992-12-14,1.562500,1.562500,1.468750,1.468750,1.399829,148000
1992-12-15,1.468750,1.500000,1.468750,1.500000,1.429613,46000
1992-12-16,1.468750,1.531250,1.437500,1.468750,1.399829,112400
1992-12-17,1.437500,1.531250,1.437500,1.531250,1.459396,55600
1992-12-18,1.531250,1.531250,1.468750,1.468750,1.399829,106800
1992-12-21,1.468750,1.531250,1.468750,1.500000,1.429613,50400
1992-12-22,1.531250,1.562500,1.468750,1.562500,1.489180,412800
1992-12-23,1.562500,1.593750,1.468750,1.500000,1.429613,325600
1992-12-24,1.500000,1.562500,1.500000,1.531250,1.459396,32000
1992-12-28,1.531250,1.625000,1.531250,1.625000,1.548747,325600
1992-12-29,1.562500,1.625000,1.562500,1.562500,1.489180,35200
1992-12-30,1.562500,1.593750,1.531250,1.562500,1.489180,54400
1992-12-31,1.593750,1.593750,1.562500,1.562500,1.489180,462000
1993-01-04,1.625000,1.625000,1.562500,1.562500,1.489180,34800
1993-01-05,1.625000,1.625000,1.562500,1.562500,1.489180,246000
1993-01-06,1.625000,1.656250,1.593750,1.656250,1.578531,235200
1993-01-07,1.625000,1.656250,1.593750,1.625000,1.548747,92400
1993-01-08,1.593750,1.656250,1.593750,1.593750,1.518963,182800
1993-01-11,1.656250,1.656250,1.593750,1.656250,1.578531,257600
1993-01-12,1.593750,1.906250,1.593750,1.906250,1.816799,1060800
1993-01-13,1.937500,1.968750,1.843750,1.937500,1.846583,360000
1993-01-14,1.937500,2.000000,1.906250,1.906250,1.816799,539600
1993-01-15,1.906250,1.968750,1.875000,1.906250,1.816799,192000
1993-01-18,1.875000,2.093750,1.875000,2.000000,1.906150,614000
1993-01-19,2.093750,2.125000,2.000000,2.031250,1.935934,692400
1993-01-20,2.031250,2.125000,2.031250,2.062500,1.965717,716000
1993-01-21,2.062500,2.125000,2.062500,2.062500,1.965717,93200
1993-01-22,2.156250,2.187500,2.093750,2.125000,2.025285,614400
1993-01-25,2.125000,2.218750,2.125000,2.187500,2.084852,271600
1993-01-26,2.156250,2.218750,2.093750,2.093750,1.995501,323200
1993-01-27,2.093750,2.125000,2.031250,2.093750,1.995501,263200
1993-01-28,2.062500,2.218750,2.062500,2.156250,2.055068,740000
1993-01-29,2.156250,2.250000,2.093750,2.093750,1.995501,508000
1993-02-01,2.093750,2.156250,2.093750,2.125000,2.025285,463600
1993-02-02,2.156250,2.156250,2.093750,2.093750,1.995501,60800
1993-02-03,2.125000,2.218750,2.093750,2.187500,2.084852,1081200
1993-02-04,2.218750,2.343750,2.187500,2.281250,2.174202,573200
1993-02-05,2.281250,2.343750,2.250000,2.281250,2.174202,601600
1993-02-08,2.281250,2.343750,2.250000,2.343750,2.233770,153200
1993-02-09,2.343750,2.468750,2.343750,2.406250,2.293337,392400
1993-02-10,2.500000,2.531250,2.406250,2.437500,2.323121,881200
1993-02-11,2.468750,2.468750,2.343750,2.375000,2.263553,270800
1993-02-12,2.343750,2.437500,2.343750,2.343750,2.233770,205200
1993-02-16,2.312500,2.406250,2.125000,2.125000,2.025285,414800
1993-02-17,2.125000,2.187500,2.093750,2.187500,2.084852,208800
1993-02-18,2.250000,2.250000,2.156250,2.156250,2.055068,78800
1993-02-19,2.281250,2.375000,2.250000,2.375000,2.263553,329200
1993-02-22,2.375000,2.437500,2.312500,2.406250,2.293337,516800
1993-02-23,2.500000,2.562500,2.500000,2.562500,2.442255,747600
1993-02-24,2.656250,2.718750,2.562500,2.656250,2.531605,1472000
1993-02-25,2.750000,2.750000,2.656250,2.656250,2.531605,143200
1993-02-26,2.750000,2.750000,2.656250,2.750000,2.620956,200000
1993-03-01,2.656250,2.781250,2.656250,2.750000,2.620956,880800
1993-03-02,2.718750,2.750000,2.656250,2.718750,2.591173,846000
1993-03-03,2.718750,2.718750,2.656250,2.718750,2.591173,170800
1993-03-04,2.687500,2.781250,2.687500,2.718750,2.591173,506400
1993-03-05,2.718750,2.843750,2.718750,2.781250,2.650740,330800
1993-03-08,2.750000,2.875000,2.750000,2.843750,2.710307,228800
1993-03-09,2.875000,2.937500,2.750000,2.875000,2.740091,531200
1993-03-10,2.906250,3.250000,2.812500,3.250000,3.097494,1848000
1993-03-11,3.250000,3.312500,3.125000,3.125000,2.978360,901600
1993-03-12,3.125000,3.187500,2.937500,3.156250,3.008143,776000
1993-03-15,3.156250,3.281250,3.156250,3.250000,3.097494,422400
1993-03-16,3.187500,3.375000,3.187500,3.312500,3.157061,272800
1993-03-17,3.281250,3.375000,3.281250,3.343750,3.186845,536400
1993-03-18,3.375000,3.437500,3.343750,3.406250,3.246412,312400
1993-03-19,3.406250,3.406250,3.312500,3.312500,3.157061,250800
1993-03-22,3.250000,3.343750,3.156250,3.187500,3.037927,726800
1993-03-23,3.156250,3.187500,3.062500,3.062500,2.918792,919600
1993-03-24,3.062500,3.125000,2.937500,3.031250,2.889009,462400
1993-03-25,2.937500,3.187500,2.937500,3.187500,3.037927,448400
1993-03-26,3.156250,3.250000,3.156250,3.187500,3.037927,95200
1993-03-29,3.187500,3.312500,3.187500,3.250000,3.097494,178400
1993-03-30,3.312500,3.500000,3.250000,3.437500,3.276196,412000
1993-03-31,3.437500,3.593750,3.437500,3.593750,3.425114,822000
1993-04-01,3.531250,3.593750,3.437500,3.468750,3.305979,438800
1993-04-02,3.406250,3.437500,3.281250,3.312500,3.157061,467600
1993-04-05,3.281250,3.375000,3.281250,3.375000,3.216629,46000
1993-04-06,3.375000,3.375000,3.250000,3.312500,3.157061,456800
1993-04-07,3.218750,3.312500,3.218750,3.312500,3.157061,16000
1993-04-08,3.218750,3.375000,3.218750,3.281250,3.127278,149600
1993-04-12,3.343750,3.343750,3.281250,3.312500,3.157061,150800
1993-04-13,3.250000,3.343750,3.250000,3.312500,3.157061,218400
1993-04-14,3.218750,3.312500,3.218750,3.250000,3.097494,8400
1993-04-15,3.250000,3.312500,3.218750,3.218750,3.067710,225200
1993-04-16,3.218750,3.312500,2.968750,3.000000,2.859225,462400
1993-04-19,2.968750,3.031250,2.968750,2.968750,2.829442,136800
1993-04-20,2.968750,3.062500,2.843750,3.031250,2.889009,412400
1993-04-21,3.031250,3.187500,3.031250,3.187500,3.037927,100800
1993-04-22,3.187500,3.187500,3.125000,3.125000,2.978360,159200
1993-04-23,3.125000,3.187500,3.093750,3.093750,2.948576,437200
1993-04-26,3.187500,3.187500,3.093750,3.093750,2.948576,140000
1993-04-27,3.093750,3.156250,3.093750,3.156250,3.008143,413600
1993-04-28,3.093750,3.156250,3.062500,3.156250,3.008143,302000
1993-04-29,3.156250,3.437500,3.093750,3.437500,3.276196,419600
1993-04-30,3.718750,3.875000,3.625000,3.812500,3.633599,2245200
1993-05-03,3.812500,3.875000,3.750000,3.781250,3.603815,923600
1993-05-04,3.781250,3.968750,3.781250,3.937500,3.752733,680000
1993-05-05,3.968750,4.187500,3.937500,4.187500,3.991002,1034000
1993-05-06,4.187500,4.187500,4.093750,4.156250,3.961218,889200
1993-05-07,4.093750,4.156250,4.031250,4.031250,3.842084,442800
1993-05-10,4.031250,4.093750,3.937500,4.031250,3.842084,292000
1993-05-11,4.000000,4.343750,3.875000,4.250000,4.050570,810800
1993-05-12,4.343750,4.812500,4.250000,4.500000,4.288838,1842400
1993-05-13,4.437500,4.562500,4.406250,4.468750,4.259055,512400
1993-05-14,4.500000,4.625000,4.500000,4.562500,4.348405,545200
1993-05-17,4.593750,4.656250,4.468750,4.656250,4.437757,529200
1993-05-18,4.687500,4.875000,4.625000,4.781250,4.556890,370400
1993-05-19,4.875000,4.875000,4.656250,4.687500,4.467539,430000
1993-05-20,4.750000,4.750000,4.656250,4.718750,4.497323,272800
1993-05-21,4.718750,4.718750,4.625000,4.656250,4.437757,376800
1993-05-24,4.656250,4.656250,4.562500,4.593750,4.378190,720400
1993-05-25,4.562500,4.656250,4.500000,4.500000,4.288838,645200
1993-05-26,4.500000,4.656250,4.437500,4.593750,4.378190,892800
1993-05-27,4.687500,5.062500,4.687500,4.968750,4.735592,943600
1993-05-28,5.062500,5.062500,4.875000,5.062500,4.824943,700400
1993-06-01,5.062500,5.375000,5.000000,5.343750,5.092996,1102800
1993-06-02,5.375000,5.406250,5.312500,5.343750,5.092996,1338800
1993-06-03,5.406250,5.406250,5.312500,5.312500,5.063211,498400
1993-06-04,5.250000,5.281250,5.125000,5.156250,4.914294,426400
1993-06-07,5.156250,5.218750,5.125000,5.125000,4.884510,291200
1993-06-08,5.093750,5.218750,5.093750,5.125000,4.884510,394000
1993-06-09,5.093750,5.218750,5.093750,5.218750,4.973860,397600
1993-06-10,5.093750,5.218750,4.968750,5.062500,4.824943,289600
1993-06-11,5.062500,5.062500,4.875000,4.906250,4.676024,420800
1993-06-14,4.906250,5.062500,4.906250,4.968750,4.735592,318800
1993-06-15,5.062500,5.093750,4.968750,5.000000,4.765375,140400
1993-06-16,4.968750,5.031250,4.937500,5.000000,4.765375,134000
1993-06-17,5.031250,5.031250,4.906250,4.906250,4.676024,120400
1993-06-18,4.968750,5.031250,4.906250,4.937500,4.705809,260800
1993-06-21,5.031250,5.031250,4.906250,5.031250,4.795160,221200
1993-06-22,5.031250,5.031250,4.906250,5.000000,4.765375,130400
1993-06-23,5.000000,5.125000,4.968750,5.125000,4.884510,178000
1993-06-24,5.031250,5.062500,4.937500,5.000000,4.765375,234000
1993-06-25,4.937500,5.062500,4.875000,4.968750,4.735592,185200
1993-06-28,5.031250,5.375000,5.031250,5.281250,5.033428,684400
1993-06-29,5.468750,5.500000,5.093750,5.156250,4.914294,1055600
1993-06-30,5.187500,5.281250,5.093750,5.250000,5.003644,467200
1993-07-01,5.250000,5.250000,5.156250,5.250000,5.003644,241200
1993-07-02,5.250000,5.343750,5.187500,5.343750,5.092996,420000
1993-07-06,5.343750,5.375000,5.000000,5.062500,4.824943,550800
1993-07-07,5.000000,5.031250,4.875000,5.031250,4.795160,335200
1993-07-08,5.031250,5.218750,4.968750,5.156250,4.914294,318400
1993-07-09,5.218750,5.312500,5.187500,5.281250,5.033428,145200
1993-07-12,5.218750,5.343750,5.218750,5.343750,5.092996,170000
1993-07-13,5.343750,5.468750,5.312500,5.406250,5.152562,236000
1993-07-14,5.437500,5.468750,5.375000,5.468750,5.212129,489200
1993-07-15,5.468750,5.625000,5.406250,5.625000,5.361047,376400
1993-07-16,5.593750,5.593750,5.312500,5.375000,5.122779,220000
1993-07-19,5.312500,5.406250,5.000000,5.062500,4.824943,576800
1993-07-20,5.062500,5.062500,4.937500,4.937500,4.705809,499600
1993-07-21,5.000000,5.000000,4.812500,4.937500,4.705809,946000
1993-07-22,4.906250,5.156250,4.875000,5.156250,4.914294,370000
1993-07-23,5.187500,5.375000,5.125000,5.281250,5.033428,464400
1993-07-26,5.375000,5.375000,5.156250,5.218750,4.973860,476800
1993-07-27,5.281250,5.375000,5.218750,5.312500,5.063211,294000
1993-07-28,5.625000,5.843750,5.500000,5.843750,5.569532,1637200
1993-07-29,5.843750,5.968750,5.781250,5.937500,5.658884,868000
1993-07-30,5.968750,6.062500,5.906250,5.968750,5.688667,1184800
1993-08-02,6.093750,6.156250,5.968750,6.093750,5.807801,719200
1993-08-03,6.156250,6.156250,5.875000,6.000000,5.718450,416400
1993-08-04,6.031250,6.031250,5.812500,5.906250,5.629100,292800
1993-08-05,5.968750,6.437500,5.875000,6.343750,6.046070,2601200
1993-08-06,6.437500,6.843750,6.343750,6.750000,6.433257,1501600
1993-08-09,6.812500,7.031250,6.750000,6.968750,6.641742,1633200
1993-08-10,7.000000,7.000000,6.875000,6.968750,6.641742,748400
1993-08-11,7.000000,7.062500,6.906250,7.031250,6.701310,592000
1993-08-12,7.062500,7.062500,6.875000,6.875000,6.552392,528000
1993-08-13,6.968750,6.968750,6.781250,6.875000,6.552392,180000
1993-08-16,6.875000,6.906250,6.781250,6.875000,6.552392,230800
1993-08-17,6.875000,6.906250,6.562500,6.562500,6.254556,375600
1993-08-18,6.656250,6.750000,6.500000,6.750000,6.433257,876400
1993-08-19,6.750000,6.812500,6.656250,6.750000,6.433257,826400
1993-08-20,6.750000,6.812500,6.687500,6.750000,6.433257,496800
1993-08-23,6.781250,6.937500,6.718750,6.937500,6.611959,288000
1993-08-24,6.937500,7.000000,6.843750,6.937500,6.611959,722000
1993-08-25,6.968750,6.968750,6.781250,6.875000,6.552392,360000
1993-08-26,6.812500,6.875000,6.343750,6.437500,6.135421,1582400
1993-08-27,6.437500,6.437500,6.312500,6.375000,6.075854,374000
1993-08-30,6.343750,6.406250,6.187500,6.187500,5.897151,628000
1993-08-31,6.250000,6.531250,6.187500,6.500000,6.194988,563200
1993-09-01,6.500000,6.718750,6.437500,6.625000,6.314122,849600
1993-09-02,6.687500,6.718750,6.625000,6.656250,6.343906,164800
1993-09-03,6.718750,6.718750,6.562500,6.687500,6.373689,308400
1993-09-07,6.687500,6.687500,6.406250,6.406250,6.105637,437600
1993-09-08,6.437500,6.562500,6.375000,6.562500,6.254556,610800
1993-09-09,6.562500,6.562500,6.468750,6.531250,6.224772,88000
1993-09-10,6.531250,6.531250,6.468750,6.531250,6.224772,534400
1993-09-13,6.531250,6.593750,6.468750,6.593750,6.284339,446000
1993-09-14,6.593750,6.593750,6.375000,6.406250,6.105637,272400
1993-09-15,6.406250,6.500000,6.375000,6.468750,6.165205,423200
1993-09-16,6.468750,6.937500,6.437500,6.937500,6.611959,1484000
1993-09-17,6.937500,6.937500,6.843750,6.937500,6.611959,380000
1993-09-20,6.937500,7.406250,6.843750,7.406250,7.058712,1448800
1993-09-21,7.406250,7.625000,6.906250,7.093750,6.760877,1731200
1993-09-22,7.125000,7.531250,7.062500,7.468750,7.118280,1802000
1993-09-23,7.500000,7.625000,7.468750,7.500000,7.148064,918400
1993-09-24,7.593750,7.812500,7.468750,7.625000,7.267197,953200
1993-09-27,7.718750,7.718750,7.531250,7.562500,7.207630,269600
1993-09-28,7.625000,7.625000,7.468750,7.531250,7.177847,350800
1993-09-29,7.468750,7.531250,7.187500,7.281250,6.939578,766400
1993-09-30,7.187500,7.281250,7.187500,7.187500,6.850227,459600
1993-10-01,7.156250,7.281250,6.968750,7.125000,6.790660,994800
1993-10-04,7.156250,7.281250,7.062500,7.250000,6.909795,1370000
1993-10-05,7.281250,7.343750,6.656250,6.718750,6.403473,1870400
1993-10-06,6.718750,6.718750,5.937500,5.968750,5.688667,3378800
1993-10-07,6.125000,6.468750,6.062500,6.312500,6.016287,2054000
1993-10-08,6.312500,6.500000,6.187500,6.250000,5.956720,1144400
1993-10-11,6.312500,6.375000,6.218750,6.375000,6.075854,850000
1993-10-12,6.500000,6.531250,6.437500,6.531250,6.224772,756400
1993-10-13,6.312500,6.406250,5.656250,5.781250,5.509965,2404800
1993-10-14,5.781250,5.875000,5.500000,5.656250,5.390831,1588000
1993-10-15,5.687500,5.687500,5.562500,5.593750,5.331264,448800
1993-10-18,5.593750,5.656250,5.156250,5.156250,4.914294,531600
1993-10-19,5.125000,5.156250,4.750000,5.031250,4.795160,2347200
1993-10-20,5.000000,5.312500,5.000000,5.187500,4.944077,1750000
1993-10-21,5.218750,5.468750,5.125000,5.468750,5.212129,1134800
1993-10-22,5.562500,5.687500,5.312500,5.468750,5.212129,1234400
1993-10-25,5.468750,5.531250,5.343750,5.343750,5.092996,662400
1993-10-26,5.343750,5.437500,5.281250,5.312500,5.063211,364000
1993-10-27,5.312500,5.531250,5.312500,5.500000,5.241913,571200
1993-10-28,5.437500,5.500000,5.375000,5.500000,5.241913,696000
1993-10-29,5.531250,5.656250,5.437500,5.593750,5.331264,406000
1993-11-01,5.656250,6.000000,5.656250,5.968750,5.688667,959600
1993-11-02,6.000000,6.062500,5.812500,6.000000,5.718450,550000
1993-11-03,5.906250,6.000000,5.375000,5.500000,5.241913,1209200
1993-11-04,5.375000,5.437500,4.906250,4.906250,4.676024,1968800
1993-11-05,4.937500,5.093750,4.750000,4.781250,4.556890,852000
1993-11-08,4.812500,5.125000,4.812500,4.812500,4.586674,1574400
1993-11-09,4.937500,5.062500,4.843750,4.843750,4.616457,507600
1993-11-10,5.000000,5.156250,4.937500,4.937500,4.705809,997600
1993-11-11,5.000000,5.781250,4.968750,5.656250,5.390831,1770400
1993-11-12,5.718750,5.781250,5.437500,5.468750,5.212129,795600
1993-11-15,5.500000,5.812500,5.500000,5.781250,5.509965,1024000
1993-11-16,5.812500,5.843750,4.281250,4.343750,4.139920,6948800
1993-11-17,4.437500,4.562500,3.625000,3.843750,3.663383,7192000
1993-11-18,3.906250,4.000000,3.625000,3.718750,3.544248,2522000
1993-11-19,3.843750,3.968750,3.625000,3.656250,3.484681,3029600
1993-11-22,3.593750,3.625000,3.250000,3.343750,3.186845,2255600
1993-11-23,3.406250,3.406250,3.156250,3.343750,3.186845,3131200
1993-11-24,3.281250,3.343750,3.187500,3.281250,3.127278,1222000
1993-11-26,3.281250,3.281250,3.218750,3.250000,3.097494,142400
1993-11-29,3.406250,3.593750,3.375000,3.562500,3.395330,2514000
1993-11-30,3.593750,3.687500,3.562500,3.656250,3.484681,1237200
1993-12-01,3.718750,3.875000,3.656250,3.843750,3.663383,1589200
1993-12-02,3.875000,3.968750,3.812500,3.812500,3.633599,1722000
1993-12-03,3.906250,3.906250,3.718750,3.750000,3.574032,950800
1993-12-06,3.718750,3.812500,3.562500,3.812500,3.633599,1006400
1993-12-07,3.718750,3.843750,3.718750,3.781250,3.603815,500800
1993-12-08,3.687500,3.781250,3.625000,3.718750,3.544248,832800
1993-12-09,3.718750,3.718750,3.406250,3.468750,3.305979,966800
1993-12-10,3.468750,3.468750,3.250000,3.250000,3.097494,746400
1993-12-13,3.281250,3.375000,3.156250,3.218750,3.067710,972000
1993-12-14,3.250000,3.250000,3.093750,3.093750,2.948576,596000
1993-12-15,3.093750,3.406250,3.093750,3.406250,3.246412,1157200
1993-12-16,3.406250,3.468750,3.375000,3.437500,3.276196,861600
1993-12-17,3.406250,3.500000,3.343750,3.437500,3.276196,480800
1993-12-20,3.343750,3.437500,3.312500,3.406250,3.246412,460400
1993-12-21,3.312500,3.625000,3.312500,3.593750,3.425114,509200
1993-12-22,3.656250,3.718750,3.500000,3.593750,3.425114,957600
1993-12-23,3.593750,3.593750,3.531250,3.562500,3.395330,584400
1993-12-27,3.531250,3.625000,3.500000,3.562500,3.395330,670800
1993-12-28,3.593750,3.656250,3.562500,3.656250,3.484681,961200
1993-12-29,3.562500,3.656250,3.468750,3.531250,3.365546,663200
1993-12-30,3.468750,3.531250,3.406250,3.437500,3.276196,695600
1993-12-31,3.468750,3.531250,3.406250,3.500000,3.335763,794800
1994-01-03,3.437500,3.500000,3.375000,3.406250,3.246412,523200
1994-01-04,3.312500,3.312500,3.312500,3.312500,3.157061,280400
1994-01-05,3.406250,3.562500,3.312500,3.562500,3.395330,707200
1994-01-06,3.625000,3.875000,3.531250,3.781250,3.603815,2773600
1994-01-07,3.750000,3.812500,3.687500,3.750000,3.574032,554400
1994-01-10,3.687500,3.812500,3.687500,3.718750,3.544248,536000
1994-01-11,3.781250,3.812500,3.718750,3.718750,3.544248,504400
1994-01-12,3.968750,4.031250,3.875000,4.000000,3.812300,2440000
1994-01-13,4.000000,4.093750,3.937500,4.093750,3.901652,1327200
1994-01-14,4.031250,4.406250,4.031250,4.375000,4.169703,2386800
1994-01-17,4.406250,4.406250,4.125000,4.187500,3.991002,650800
1994-01-18,4.187500,4.281250,4.125000,4.125000,3.931435,587600
1994-01-19,4.031250,4.062500,3.718750,3.843750,3.663383,1192000
1994-01-20,3.812500,4.093750,3.812500,4.031250,3.842084,792400
1994-01-21,4.125000,4.187500,4.062500,4.062500,3.871868,759600
1994-01-24,4.000000,4.062500,3.906250,3.937500,3.752733,614000
1994-01-25,3.937500,4.031250,3.843750,3.843750,3.663383,229600
1994-01-26,3.843750,4.000000,3.843750,4.000000,3.812300,299600
1994-01-27,4.000000,4.000000,3.875000,3.937500,3.752733,524000
1994-01-28,3.937500,3.937500,3.687500,3.750000,3.574032,850400
1994-01-31,3.687500,3.843750,3.687500,3.781250,3.603815,644000
1994-02-01,3.750000,3.812500,3.718750,3.812500,3.633599,425200
1994-02-02,3.718750,3.812500,3.718750,3.718750,3.544248,188800
1994-02-03,3.187500,3.187500,2.875000,2.937500,2.799658,7770000
1994-02-04,2.875000,3.031250,2.750000,2.750000,2.620956,2264800
1994-02-07,2.687500,2.843750,2.656250,2.781250,2.650740,1230400
1994-02-08,2.812500,2.875000,2.593750,2.687500,2.561390,1393200
1994-02-09,2.625000,2.875000,2.593750,2.812500,2.680524,1322000
1994-02-10,2.750000,2.875000,2.687500,2.687500,2.561390,588400
1994-02-11,2.687500,2.750000,2.656250,2.687500,2.561390,234400
1994-02-14,2.656250,2.781250,2.625000,2.718750,2.591173,2317200
1994-02-15,2.750000,2.812500,2.656250,2.750000,2.620956,361600
1994-02-16,2.687500,2.750000,2.625000,2.750000,2.620956,799200
1994-02-17,2.750000,2.875000,2.656250,2.687500,2.561390,822000
1994-02-18,2.781250,2.781250,2.625000,2.781250,2.650740,372400
1994-02-22,2.718750,2.937500,2.687500,2.937500,2.799658,1340400
1994-02-23,3.031250,3.312500,2.968750,3.218750,3.067710,3294400
1994-02-24,3.281250,3.281250,3.125000,3.125000,2.978360,910000
1994-02-25,3.125000,3.187500,3.093750,3.156250,3.008143,583600
1994-02-28,3.156250,3.156250,3.093750,3.125000,2.978360,510800
1994-03-01,3.156250,3.218750,3.125000,3.187500,3.037927,378000
1994-03-02,3.125000,3.156250,3.093750,3.156250,3.008143,356400
1994-03-03,3.156250,3.218750,3.125000,3.125000,2.978360,717600
1994-03-04,3.125000,3.187500,3.125000,3.187500,3.037927,712800
1994-03-07,3.156250,3.468750,3.156250,3.437500,3.276196,1494400
1994-03-08,3.375000,3.625000,3.375000,3.531250,3.365546,1728000
1994-03-09,3.593750,3.593750,3.468750,3.500000,3.335763,675600
1994-03-10,3.593750,3.593750,3.281250,3.375000,3.216629,1094400
1994-03-11,3.375000,3.375000,3.312500,3.343750,3.186845,578400
1994-03-14,3.343750,3.343750,3.281250,3.312500,3.157061,760800
1994-03-15,3.343750,3.531250,3.281250,3.468750,3.305979,933200
1994-03-16,3.437500,3.531250,3.437500,3.531250,3.365546,533600
1994-03-17,3.468750,3.531250,3.468750,3.468750,3.305979,281600
1994-03-18,3.468750,3.531250,3.406250,3.468750,3.305979,263600
1994-03-21,3.406250,3.468750,3.375000,3.406250,3.246412,362000
1994-03-22,3.375000,3.593750,3.375000,3.500000,3.335763,1051200
1994-03-23,3.562500,3.656250,3.375000,3.468750,3.305979,900800
1994-03-24,3.406250,3.468750,3.187500,3.250000,3.097494,1120800
1994-03-25,3.281250,3.312500,3.218750,3.250000,3.097494,441600
1994-03-28,3.250000,3.312500,2.968750,3.031250,2.889009,1068400
1994-03-29,3.062500,3.062500,2.906250,2.906250,2.769875,674400
1994-03-30,2.937500,3.000000,2.812500,2.812500,2.680524,479200
1994-03-31,2.843750,2.843750,2.625000,2.750000,2.620956,1683600
1994-04-04,2.625000,2.750000,2.531250,2.750000,2.620956,581200
1994-04-05,2.843750,2.875000,2.781250,2.875000,2.740091,735600
1994-04-06,2.906250,2.906250,2.750000,2.812500,2.680524,343600
1994-04-07,2.843750,3.031250,2.812500,3.000000,2.859225,449200
1994-04-08,3.031250,3.125000,2.812500,2.843750,2.710307,587600
1994-04-11,2.781250,2.875000,2.750000,2.843750,2.710307,386400
1994-04-12,2.781250,2.781250,2.687500,2.718750,2.591173,349600
1994-04-13,2.718750,2.781250,2.656250,2.703125,2.576281,373600
1994-04-14,2.718750,2.843750,2.656250,2.718750,2.591173,650800
1994-04-15,2.781250,2.781250,2.562500,2.562500,2.442255,407600
1994-04-18,2.656250,2.656250,2.500000,2.562500,2.442255,376000
1994-04-19,2.531250,2.593750,2.343750,2.437500,2.323121,454000
1994-04-20,2.437500,2.593750,2.406250,2.562500,2.442255,352400
1994-04-21,2.625000,2.656250,2.531250,2.562500,2.442255,361600
1994-04-22,2.656250,2.718750,2.562500,2.687500,2.561390,504000
1994-04-25,3.000000,3.093750,2.906250,2.968750,2.829442,793600
1994-04-26,3.000000,3.187500,2.906250,3.093750,2.948576,722400
1994-04-28,3.281250,3.375000,3.156250,3.281250,3.127278,1832400
1994-04-29,3.281250,3.281250,3.125000,3.156250,3.008143,372800
1994-05-02,3.218750,3.218750,3.125000,3.140625,2.993252,225200
1994-05-03,3.218750,3.218750,3.000000,3.093750,2.948576,625600
1994-05-04,3.062500,3.156250,3.031250,3.093750,2.948576,215600
1994-05-05,3.031250,3.125000,3.000000,3.000000,2.859225,186000
1994-05-06,2.968750,3.031250,2.906250,3.031250,2.889009,412000
1994-05-09,3.031250,3.156250,2.937500,3.031250,2.889009,514800
1994-05-10,3.156250,3.187500,3.093750,3.187500,3.037927,164400
1994-05-11,3.187500,3.312500,3.125000,3.250000,3.097494,1174800
1994-05-12,3.343750,3.343750,3.250000,3.312500,3.157061,352800
1994-05-13,3.250000,3.312500,3.250000,3.250000,3.097494,314800
1994-05-16,3.250000,3.312500,3.156250,3.187500,3.037927,504000
1994-05-17,3.156250,3.250000,3.156250,3.218750,3.067710,527200
1994-05-18,3.250000,3.250000,3.187500,3.250000,3.097494,372000
1994-05-19,3.250000,3.312500,3.187500,3.312500,3.157061,547600
1994-05-20,3.312500,3.343750,3.250000,3.312500,3.157061,207600
1994-05-23,3.343750,3.593750,3.281250,3.468750,3.305979,1140400
1994-05-24,3.468750,3.656250,3.468750,3.562500,3.395330,860800
1994-05-25,3.625000,3.687500,3.531250,3.625000,3.454897,861200
1994-05-26,3.687500,3.781250,3.601563,3.750000,3.574032,814400
1994-05-27,3.781250,3.781250,3.687500,3.718750,3.544248,735200
1994-05-31,3.750000,4.062500,3.687500,3.937500,3.752733,1349600
1994-06-01,3.968750,3.968750,3.812500,3.875000,3.693166,923600
1994-06-02,3.906250,4.000000,3.843750,3.906250,3.722950,745200
1994-06-03,3.906250,3.937500,3.593750,3.625000,3.454897,810800
1994-06-06,3.687500,3.750000,3.500000,3.656250,3.484681,573600
1994-06-07,3.656250,3.750000,3.625000,3.656250,3.484681,383600
1994-06-08,3.656250,3.718750,3.593750,3.625000,3.454897,634800
1994-06-09,3.593750,3.656250,3.593750,3.656250,3.484681,302000
1994-06-10,3.687500,3.718750,3.625000,3.687500,3.514464,103600
1994-06-13,3.718750,3.718750,3.593750,3.640625,3.469789,169200
1994-06-14,3.625000,3.687500,3.500000,3.531250,3.365546,221200
1994-06-15,3.500000,3.531250,3.375000,3.468750,3.305979,476400
1994-06-16,3.375000,3.468750,3.375000,3.468750,3.305979,88400
1994-06-17,3.375000,3.437500,3.281250,3.312500,3.157061,401200
1994-06-20,3.312500,3.375000,3.250000,3.312500,3.157061,244800
1994-06-21,3.281250,3.343750,3.250000,3.343750,3.186845,186400
1994-06-22,3.281250,3.343750,3.281250,3.281250,3.127278,108000
1994-06-23,3.343750,3.375000,3.281250,3.281250,3.127278,135200
1994-06-24,3.250000,3.312500,3.187500,3.187500,3.037927,138400
1994-06-27,3.187500,3.281250,3.156250,3.218750,3.067710,281600
1994-06-28,3.281250,3.281250,3.218750,3.218750,3.067710,49200
1994-06-29,3.218750,3.468750,3.218750,3.406250,3.246412,224400
1994-06-30,3.437500,3.468750,3.375000,3.437500,3.276196,205600
1994-07-01,3.437500,3.437500,3.375000,3.437500,3.276196,55200
1994-07-05,3.343750,3.500000,3.343750,3.468750,3.305979,249600
1994-07-06,3.500000,3.500000,3.375000,3.437500,3.276196,166000
1994-07-07,3.468750,3.562500,3.375000,3.500000,3.335763,223200
1994-07-08,3.468750,3.625000,3.468750,3.562500,3.395330,449600
1994-07-11,3.625000,3.625000,3.500000,3.562500,3.395330,163600
1994-07-12,3.437500,3.500000,3.328125,3.437500,3.276196,354000
1994-07-13,3.468750,3.531250,3.406250,3.500000,3.335763,180800
1994-07-14,3.531250,3.718750,3.468750,3.562500,3.395330,542000
1994-07-15,3.468750,3.468750,3.343750,3.343750,3.186845,224000
1994-07-18,3.343750,3.406250,3.281250,3.343750,3.186845,264400
1994-07-19,3.375000,3.375000,3.250000,3.312500,3.157061,150800
1994-07-20,3.312500,3.375000,3.281250,3.375000,3.216629,219200
1994-07-21,3.375000,3.406250,3.312500,3.375000,3.216629,141200
1994-07-22,3.375000,3.375000,3.281250,3.343750,3.186845,74400
1994-07-25,3.250000,3.343750,3.187500,3.187500,3.037927,180800
1994-07-26,3.187500,3.250000,3.156250,3.218750,3.067710,67200
1994-07-27,3.156250,3.218750,3.062500,3.093750,2.948576,359200
1994-07-28,3.062500,3.281250,3.062500,3.281250,3.127278,569200
1994-07-29,2.875000,3.093750,2.812500,3.093750,2.948576,1986000
1994-08-01,3.093750,3.156250,3.000000,3.093750,2.948576,353200
1994-08-02,3.031250,3.187500,2.968750,2.968750,2.829442,478400
1994-08-03,3.031250,3.031250,2.937500,2.937500,2.799658,251600
1994-08-04,2.937500,3.062500,2.937500,2.968750,2.829442,173200
1994-08-05,3.000000,3.000000,2.968750,2.968750,2.829442,90400
1994-08-08,3.000000,3.000000,2.937500,3.000000,2.859225,103200
1994-08-09,3.000000,3.062500,2.937500,3.031250,2.889009,263600
1994-08-10,3.000000,3.187500,3.000000,3.187500,3.037927,328400
1994-08-11,3.187500,3.312500,3.062500,3.062500,2.918792,149600
1994-08-12,3.062500,3.156250,3.062500,3.062500,2.918792,72000
1994-08-15,3.062500,3.343750,3.062500,3.250000,3.097494,565600
1994-08-16,3.343750,3.437500,3.281250,3.343750,3.186845,408400
1994-08-17,3.281250,3.453125,3.281250,3.406250,3.246412,443600
1994-08-18,3.468750,3.812500,3.406250,3.687500,3.514464,1860400
1994-08-19,3.656250,3.750000,3.656250,3.750000,3.574032,483200
1994-08-22,3.750000,4.000000,3.656250,3.843750,3.663383,1788000
1994-08-23,3.843750,3.968750,3.812500,3.812500,3.633599,699600
1994-08-24,3.812500,3.843750,3.750000,3.781250,3.603815,497600
1994-08-25,3.750000,3.812500,3.687500,3.718750,3.544248,523200
1994-08-26,3.687500,3.937500,3.687500,3.906250,3.722950,859200
1994-08-29,3.906250,4.093750,3.906250,4.031250,3.842084,1058000
1994-08-30,4.000000,4.062500,3.906250,4.000000,3.812300,422400
1994-08-31,3.937500,4.062500,3.937500,3.937500,3.752733,496800
1994-09-01,3.875000,3.968750,3.750000,3.843750,3.663383,679200
1994-09-02,3.812500,3.843750,3.781250,3.843750,3.663383,254000
1994-09-06,3.781250,3.843750,3.750000,3.812500,3.633599,350400
1994-09-07,3.812500,3.843750,3.750000,3.812500,3.633599,453600
1994-09-08,3.812500,3.875000,3.812500,3.875000,3.693166,202800
1994-09-09,3.812500,3.812500,3.718750,3.781250,3.603815,449600
1994-09-12,3.718750,3.781250,3.718750,3.750000,3.574032,169600
1994-09-13,3.781250,3.843750,3.718750,3.718750,3.544248,302000
1994-09-14,3.687500,3.812500,3.687500,3.812500,3.633599,578800
1994-09-15,3.781250,4.000000,3.781250,4.000000,3.812300,542400
1994-09-16,3.968750,4.218750,3.937500,4.187500,3.991002,1059200
1994-09-19,4.187500,4.343750,4.187500,4.218750,4.020786,740800
1994-09-20,4.125000,4.187500,4.125000,4.125000,3.931435,262000
1994-09-21,4.156250,4.156250,3.937500,4.093750,3.901652,690400
1994-09-22,4.125000,4.187500,4.062500,4.156250,3.961218,475600
1994-09-23,4.125000,4.187500,4.062500,4.093750,3.901652,156800
1994-09-26,4.093750,4.093750,4.031250,4.093750,3.901652,441600
1994-09-27,4.062500,4.125000,4.062500,4.125000,3.931435,262000
1994-09-28,4.125000,4.250000,4.062500,4.250000,4.050570,565200
1994-09-29,4.156250,4.250000,4.093750,4.093750,3.901652,506800
1994-09-30,4.093750,4.156250,4.062500,4.062500,3.871868,131200
1994-10-03,4.062500,4.125000,4.031250,4.031250,3.842084,103200
1994-10-04,4.031250,4.093750,3.968750,3.968750,3.782517,827600
1994-10-05,3.968750,4.000000,3.968750,4.000000,3.812300,990000
1994-10-06,4.031250,4.062500,4.000000,4.000000,3.812300,290800
1994-10-07,4.062500,4.125000,4.000000,4.093750,3.901652,253200
1994-10-10,4.125000,4.156250,4.093750,4.093750,3.901652,89200
1994-10-11,4.093750,4.156250,4.031250,4.031250,3.842084,324800
1994-10-12,4.031250,4.062500,3.906250,3.906250,3.722950,136400
1994-10-13,4.031250,4.031250,3.843750,3.843750,3.663383,312400
1994-10-14,3.875000,3.875000,3.781250,3.781250,3.603815,134800
1994-10-17,3.781250,3.843750,3.781250,3.781250,3.603815,112000
1994-10-18,3.812500,3.843750,3.750000,3.750000,3.574032,173600
1994-10-19,3.812500,3.843750,3.750000,3.843750,3.663383,71200
1994-10-20,3.812500,3.968750,3.812500,3.968750,3.782517,358000
1994-10-21,3.968750,4.312500,3.906250,4.312500,4.110136,1008800
1994-10-24,4.250000,4.500000,4.250000,4.406250,4.199487,1152400
1994-10-25,4.406250,4.656250,4.406250,4.625000,4.407972,1331200
1994-10-26,4.656250,4.843750,4.593750,4.656250,4.437757,1230800
1994-10-27,4.625000,4.781250,4.625000,4.687500,4.467539,753200
1994-10-28,4.687500,4.687500,4.625000,4.625000,4.407972,838000
1994-10-31,4.687500,4.687500,4.593750,4.625000,4.407972,722800
1994-11-01,4.593750,4.601563,4.500000,4.546875,4.333513,703600
1994-11-02,4.531250,4.937500,4.531250,4.781250,4.556890,1696400
1994-11-03,4.781250,4.812500,4.625000,4.625000,4.407972,905600
1994-11-04,4.625000,4.687500,4.406250,4.437500,4.229271,522800
1994-11-07,4.406250,4.437500,4.343750,4.437500,4.229271,434000
1994-11-08,4.406250,4.812500,4.406250,4.781250,4.556890,855200
1994-11-09,4.875000,4.906250,4.656250,4.750000,4.527107,1225200
1994-11-10,4.656250,4.843750,4.656250,4.781250,4.556890,471200
1994-11-11,4.781250,4.781250,4.593750,4.593750,4.378190,277200
1994-11-14,4.625000,4.718750,4.562500,4.687500,4.467539,400000
1994-11-15,4.718750,4.812500,4.687500,4.750000,4.527107,298400
1994-11-16,4.687500,4.750000,4.562500,4.593750,4.378190,208000
1994-11-17,4.625000,4.656250,4.281250,4.312500,4.110136,791600
1994-11-18,4.437500,4.843750,4.375000,4.781250,4.556890,2755600
1994-11-21,4.875000,5.484375,4.875000,5.187500,4.944077,3949200
1994-11-22,5.156250,5.250000,4.968750,5.000000,4.765375,1339200
1994-11-23,4.843750,4.937500,4.562500,4.640625,4.422864,1655200
1994-11-25,4.625000,4.796875,4.625000,4.781250,4.556890,414000
1994-11-28,4.812500,5.031250,4.750000,5.000000,4.765375,672800
1994-11-29,5.031250,5.218750,4.968750,5.187500,4.944077,1118400
1994-11-30,4.968750,5.156250,4.937500,5.062500,4.824943,1615200
1994-12-01,4.968750,5.062500,4.968750,4.984375,4.750484,807200
1994-12-02,5.031250,5.187500,4.968750,5.171875,4.929185,815200
1994-12-05,5.125000,5.281250,5.125000,5.281250,5.033428,1125600
1994-12-06,5.218750,5.312500,5.156250,5.250000,5.003644,1537200
1994-12-07,5.125000,5.343750,5.125000,5.312500,5.063211,865600
1994-12-08,5.250000,5.312500,4.968750,4.968750,4.735592,812400
1994-12-09,4.968750,5.093750,4.968750,4.968750,4.735592,394000
1994-12-12,4.968750,5.078125,4.968750,5.031250,4.795160,239200
1994-12-13,5.031250,5.187500,5.031250,5.093750,4.854726,412000
1994-12-14,5.093750,5.156250,5.093750,5.109375,4.869618,366800
1994-12-15,5.156250,5.281250,5.125000,5.218750,4.973860,577200
1994-12-16,5.281250,5.281250,5.171875,5.187500,4.944077,389600
1994-12-19,5.156250,5.171875,5.093750,5.156250,4.914294,249200
1994-12-20,5.125000,5.250000,5.125000,5.187500,4.944077,196000
1994-12-21,5.156250,5.218750,5.125000,5.125000,4.884510,180800
1994-12-22,5.187500,5.187500,5.125000,5.187500,4.944077,109200
1994-12-23,5.125000,5.156250,5.125000,5.125000,4.884510,31200
1994-12-27,5.125000,5.250000,5.125000,5.156250,4.914294,184400
1994-12-28,5.156250,5.250000,5.093750,5.093750,4.854726,96400
1994-12-29,5.125000,5.187500,5.125000,5.156250,4.914294,121200
1994-12-30,5.187500,5.281250,5.156250,5.250000,5.003644,636400
1995-01-03,5.218750,5.218750,5.156250,5.156250,4.914294,241200
1995-01-04,5.156250,5.171875,4.812500,4.937500,4.705809,1064800
1995-01-05,4.937500,5.031250,4.937500,5.000000,4.765375,1032400
1995-01-06,4.562500,4.968750,4.562500,4.906250,4.676024,2288400
1995-01-09,4.875000,5.312500,4.875000,5.281250,5.033428,1608400
1995-01-10,5.375000,5.500000,5.312500,5.437500,5.182345,676400
1995-01-11,5.500000,5.500000,5.312500,5.343750,5.092996,377600
1995-01-12,5.375000,5.375000,5.312500,5.375000,5.122779,352400
1995-01-13,5.343750,5.406250,5.312500,5.375000,5.122779,312000
1995-01-16,5.375000,5.375000,5.281250,5.328125,5.078103,26800
1995-01-17,5.281250,5.343750,5.250000,5.343750,5.092996,248400
1995-01-18,5.281250,5.531250,5.281250,5.500000,5.241913,422800
1995-01-19,5.562500,5.750000,5.531250,5.687500,5.420614,934800
1995-01-20,5.625000,5.687500,5.375000,5.484375,5.227022,452000
1995-01-23,5.312500,5.343750,5.187500,5.187500,4.944077,472400
1995-01-24,5.281250,5.343750,5.062500,5.093750,4.854726,406000
1995-01-25,5.000000,5.125000,4.937500,5.000000,4.765375,403600
1995-01-26,4.968750,5.031250,4.968750,4.968750,4.735592,280000
1995-01-27,5.031250,5.250000,5.031250,5.140625,4.899402,2204400
1995-01-30,5.187500,5.187500,4.812500,4.875000,4.646241,474800
1995-01-31,4.843750,5.031250,4.843750,4.937500,4.705809,976800
1995-02-01,4.968750,5.093750,4.968750,4.968750,4.735592,512800
1995-02-02,4.968750,5.093750,4.968750,5.062500,4.824943,628400
1995-02-03,5.093750,5.281250,5.093750,5.203125,4.958969,873200
1995-02-06,5.312500,5.375000,5.281250,5.375000,5.122779,325200
1995-02-07,5.375000,5.375000,5.125000,5.156250,4.914294,322800
1995-02-08,5.156250,5.218750,5.062500,5.125000,4.884510,288000
1995-02-09,5.156250,5.375000,5.156250,5.375000,5.122779,575600
1995-02-10,5.406250,5.875000,5.406250,5.828125,5.554641,1200800
1995-02-13,5.875000,6.062500,5.781250,5.875000,5.599317,904800
1995-02-14,5.875000,5.968750,5.843750,5.875000,5.599317,432400
1995-02-15,5.937500,6.062500,5.937500,6.000000,5.718450,500400
1995-02-16,5.968750,6.000000,5.812500,5.984375,5.703558,543600
1995-02-17,5.937500,5.937500,5.843750,5.875000,5.599317,192400
1995-02-21,5.843750,5.937500,5.843750,5.859375,5.584424,180000
1995-02-22,5.937500,6.000000,5.937500,6.000000,5.718450,275600
1995-02-23,5.937500,6.000000,5.906250,5.937500,5.658884,206800
1995-02-24,5.937500,6.187500,5.781250,6.125000,5.837584,912400
1995-02-27,6.062500,6.125000,5.937500,6.031250,5.748234,470800
1995-02-28,6.000000,6.093750,6.000000,6.093750,5.807801,103600
1995-03-01,6.031250,6.343750,6.031250,6.328125,6.031178,634000
1995-03-02,6.406250,6.531250,6.343750,6.437500,6.135421,598400
1995-03-03,6.437500,6.468750,6.218750,6.328125,6.031178,340000
1995-03-06,6.250000,6.312500,6.125000,6.125000,5.837584,400800
1995-03-07,6.125000,6.125000,5.718750,5.843750,5.569532,888800
1995-03-08,5.875000,6.031250,5.812500,5.937500,5.658884,897200
1995-03-09,6.031250,6.062500,5.812500,5.843750,5.569532,871600
1995-03-10,5.875000,6.093750,5.812500,6.031250,5.748234,513200
1995-03-13,5.968750,6.531250,5.968750,6.453125,6.150313,1357600
1995-03-14,6.500000,6.562500,6.375000,6.406250,6.105637,380800
1995-03-15,6.375000,6.437500,6.343750,6.343750,6.046070,106400
1995-03-16,6.187500,6.625000,6.187500,6.593750,6.284339,1033600
1995-03-17,6.718750,6.750000,6.593750,6.609375,6.299231,648800
1995-03-20,6.593750,6.718750,6.562500,6.593750,6.284339,227200
1995-03-21,6.593750,6.875000,6.593750,6.687500,6.373689,1540400
1995-03-22,6.687500,6.906250,6.593750,6.875000,6.552392,1474800
1995-03-23,6.843750,7.406250,6.812500,7.343750,6.999145,2949200
1995-03-24,7.375000,7.437500,7.250000,7.250000,6.909795,1342000
1995-03-27,7.250000,7.312500,7.125000,7.250000,6.909795,1750400
1995-03-28,7.250000,7.312500,7.156250,7.187500,6.850227,368800
1995-03-29,7.250000,7.250000,7.093750,7.125000,6.790660,538000
1995-03-30,7.125000,7.187500,6.906250,7.062500,6.731092,1336800
1995-03-31,6.812500,6.937500,6.687500,6.843750,6.522607,1146000
1995-04-03,6.843750,6.875000,6.625000,6.703125,6.388581,266400
1995-04-04,6.718750,6.906250,6.718750,6.828125,6.507716,940800
1995-04-05,6.812500,7.156250,6.812500,7.125000,6.790660,676800
1995-04-06,7.125000,7.218750,7.093750,7.125000,6.790660,783200
1995-04-07,7.562500,7.781250,7.375000,7.656250,7.296981,3164800
1995-04-10,7.750000,8.218750,7.687500,8.062500,7.684168,2835200
1995-04-11,8.171875,8.468750,8.000000,8.468750,8.071355,2634400
1995-04-12,8.500000,9.062500,8.437500,9.015625,8.592567,2682000
1995-04-13,9.125000,9.250000,8.531250,8.562500,8.160706,2069600
1995-04-17,8.656250,8.687500,8.187500,8.218750,7.833086,800000
1995-04-18,8.281250,8.531250,7.812500,8.500000,8.101139,2316800
1995-04-19,8.468750,8.625000,8.125000,8.375000,7.982004,1092800
1995-04-20,8.500000,8.593750,8.218750,8.312500,7.922436,1227200
1995-04-21,8.437500,8.531250,8.312500,8.375000,7.982004,1081600
1995-04-24,8.343750,9.000000,8.281250,8.875000,8.458542,1578000
1995-04-25,9.250000,10.093750,9.250000,10.000000,9.530750,4015600
1995-04-26,9.937500,11.062500,9.875000,10.875000,10.364691,4096000
1995-04-27,10.937500,11.031250,10.062500,10.343750,9.858371,2188800
1995-04-28,10.375000,10.906250,9.875000,10.593750,10.096639,2808000
1995-05-01,10.625000,10.937500,9.937500,10.000000,9.530750,1961200
1995-05-02,10.062500,10.468750,9.937500,10.062500,9.590320,1610000
1995-05-03,10.093750,11.062500,10.000000,11.062500,10.543395,2947600
1995-05-04,11.187500,11.687500,11.156250,11.281250,10.751879,2526400
1995-05-05,11.406250,11.656250,11.156250,11.187500,10.662527,1474400
1995-05-08,10.937500,11.687500,10.937500,11.468750,10.930580,1299600
1995-05-09,11.593750,11.593750,11.000000,11.031250,10.513611,1490800
1995-05-10,11.312500,11.437500,10.953125,11.125000,10.602961,2238000
1995-05-11,11.000000,11.625000,11.000000,11.468750,10.930580,1030800
1995-05-12,11.375000,11.531250,11.343750,11.343750,10.811447,360400
1995-05-15,11.437500,11.437500,10.875000,10.937500,10.424258,1264000
1995-05-16,10.968750,11.218750,10.968750,11.140625,10.617853,1836800
1995-05-17,11.562500,12.343750,11.500000,12.062500,11.496469,3196000
1995-05-18,12.125000,12.718750,11.937500,12.343750,11.764521,2458800
1995-05-19,12.250000,12.562500,12.218750,12.468750,11.883656,1948400
1995-05-22,12.437500,12.562500,12.375000,12.375000,11.794303,1389200
1995-05-23,12.500000,12.500000,12.375000,12.375000,11.794303,1570000
1995-05-24,12.500000,12.562500,12.000000,12.000000,11.436900,892400
1995-05-25,12.000000,12.218750,11.718750,11.781250,11.228415,1072800
1995-05-26,11.562500,11.687500,11.312500,11.375000,10.841228,963200
1995-05-30,11.437500,11.437500,10.781250,10.781250,10.275341,621200
1995-05-31,10.812500,10.875000,10.343750,10.625000,10.126422,1668000
1995-06-01,10.593750,11.312500,10.468750,11.250000,10.722095,3033200
1995-06-02,11.187500,11.531250,10.750000,11.406250,10.871012,1789600
1995-06-05,11.562500,12.031250,11.531250,11.562500,11.019930,1516000
1995-06-06,11.531250,11.593750,11.343750,11.468750,10.930580,1827600
1995-06-07,11.531250,11.562500,11.343750,11.531250,10.990147,560400
1995-06-08,11.531250,11.562500,11.281250,11.468750,10.930580,417200
1995-06-09,11.468750,11.750000,11.250000,11.656250,11.109282,642800
1995-06-12,11.750000,11.937500,11.718750,11.812500,11.258200,857200
1995-06-13,12.125000,12.250000,11.906250,12.156250,11.585819,1587200
1995-06-14,12.093750,12.281250,12.062500,12.125000,11.556035,916000
1995-06-15,12.125000,12.343750,12.125000,12.250000,11.675169,681600
1995-06-16,12.218750,12.843750,12.062500,12.812500,12.211274,1292800
1995-06-19,12.906250,14.125000,12.843750,14.062500,13.402619,2086400
1995-06-20,14.437500,15.437500,14.296875,15.156250,14.445044,4312400
1995-06-21,15.375000,15.468750,14.687500,14.843750,14.147207,2250000
1995-06-22,14.937500,15.218750,14.843750,15.187500,14.474828,998000
1995-06-23,15.187500,15.437500,15.062500,15.250000,14.534394,850000
1995-06-26,15.125000,15.250000,14.875000,15.031250,14.325911,999200
1995-06-27,15.000000,15.593750,14.968750,15.312500,14.593963,965600
1995-06-28,15.343750,15.343750,14.843750,15.125000,14.415260,1437200
1995-06-29,15.156250,15.906250,15.093750,15.906250,15.159852,1215200
1995-06-30,16.031250,16.687500,16.000000,16.578125,15.800197,1692400
1995-07-03,16.562500,16.625000,16.375000,16.406250,15.636387,248400
1995-07-05,16.375000,16.781250,16.375000,16.437500,15.666171,702400
1995-07-06,16.562500,16.875000,16.437500,16.718750,15.934226,1474400
1995-07-07,16.687500,17.250000,16.640625,17.218750,16.410761,1767200
1995-07-10,17.312500,17.906250,17.250000,17.625000,16.797947,1406000
1995-07-11,17.375000,17.500000,17.000000,17.031250,16.232061,534400
1995-07-12,17.312500,18.656250,17.312500,18.562500,17.691458,2372000
1995-07-13,18.750000,18.937500,18.281250,18.406250,17.542538,1343600
1995-07-14,17.906250,19.406250,17.625000,19.343750,18.436047,1885200
1995-07-17,19.625000,20.281250,19.250000,19.687500,18.763664,1516000
1995-07-18,19.687500,19.687500,18.125000,18.250000,17.393620,1672000
1995-07-19,17.062500,18.187500,16.937500,17.437500,16.619247,2808400
1995-07-20,17.937500,18.250000,16.625000,18.062500,17.214920,2289600
1995-07-21,20.187500,20.687500,19.125000,19.875000,18.942369,2917600
1995-07-24,21.000000,21.625000,20.375000,21.625000,20.610247,717200
1995-07-25,22.687500,22.687500,21.500000,22.187500,21.146353,664400
1995-07-26,22.250000,22.250000,21.125000,21.125000,20.133711,222000
1995-07-27,21.375000,22.000000,21.062500,21.250000,20.252844,714400
1995-07-28,21.531250,21.531250,20.812500,21.187500,20.193277,373200
1995-07-31,21.250000,21.250000,19.375000,20.500000,19.538038,653000
1995-08-01,20.500000,21.000000,19.000000,19.875000,18.942369,748000
1995-08-02,20.000000,20.750000,18.750000,18.750000,17.870157,432400
1995-08-03,18.000000,19.000000,17.125000,18.937500,18.048861,1071200
1995-08-04,19.500000,20.000000,18.875000,19.750000,18.823235,561600
1995-08-07,19.875000,20.125000,19.125000,20.062500,19.121065,579400
1995-08-08,20.125000,20.500000,19.500000,19.875000,18.942369,368200
1995-08-09,19.750000,20.250000,19.625000,19.750000,18.823235,264200
1995-08-10,19.375000,20.000000,19.000000,19.000000,18.108427,201400
1995-08-11,20.250000,20.625000,19.500000,20.500000,19.538038,558600
1995-08-14,20.625000,21.000000,20.125000,20.750000,19.776308,2745600
1995-08-15,20.750000,20.875000,19.625000,20.125000,19.180639,686400
1995-08-16,20.375000,21.500000,20.375000,21.000000,20.014576,1556200
1995-08-17,21.500000,21.500000,20.500000,20.500000,19.538038,322200
1995-08-18,21.125000,21.125000,19.750000,20.250000,19.299772,310200
1995-08-21,20.500000,20.500000,18.375000,18.750000,17.870157,639400
1995-08-22,19.500000,19.750000,18.500000,19.500000,18.584965,824400
1995-08-23,20.250000,20.750000,19.500000,19.562500,18.644535,458400
1995-08-24,20.750000,20.750000,19.375000,19.500000,18.584965,334600
1995-08-25,19.375000,20.000000,19.250000,19.375000,18.465828,224600
1995-08-28,19.750000,19.750000,18.750000,19.250000,18.346697,183400
1995-08-29,18.625000,19.375000,16.750000,18.375000,17.512758,666800
1995-08-30,19.000000,20.000000,18.375000,19.750000,18.823235,271600
1995-08-31,19.375000,20.000000,19.375000,19.437500,18.525396,225800
1995-09-01,19.875000,20.000000,19.375000,19.625000,18.704096,155400
1995-09-05,20.250000,20.875000,19.500000,20.625000,19.657175,445800
1995-09-06,21.000000,21.500000,20.625000,20.750000,19.776308,599800
1995-09-07,21.125000,21.750000,20.750000,21.250000,20.252844,787400
1995-09-08,21.000000,21.375000,20.625000,21.375000,20.371983,146400
1995-09-11,21.500000,21.875000,21.000000,21.500000,20.491117,235600
1995-09-12,21.500000,22.125000,21.375000,21.500000,20.491117,387800
1995-09-13,21.375000,21.875000,21.125000,21.625000,20.610247,321000
1995-09-14,21.750000,21.750000,21.000000,21.125000,20.133711,248200
1995-09-15,20.250000,20.437500,19.125000,19.250000,18.346697,587400
1995-09-18,19.250000,20.375000,18.875000,20.250000,19.299772,352000
1995-09-19,19.875000,20.687500,19.875000,20.125000,19.180639,232400
1995-09-20,20.625000,21.625000,19.625000,19.750000,18.823235,530200
1995-09-21,19.500000,20.250000,19.125000,19.750000,18.823235,148000
1995-09-22,19.000000,19.500000,19.000000,19.125000,18.227562,316400
1995-09-25,19.500000,19.500000,18.125000,18.375000,17.512758,247600
1995-09-26,18.375000,19.000000,17.750000,18.375000,17.512758,842400
1995-09-27,18.250000,18.250000,16.437500,17.625000,16.797947,808400
1995-09-28,18.250000,18.750000,17.500000,18.500000,17.631887,639000
1995-09-29,19.250000,19.500000,18.250000,18.250000,17.393620,717800
1995-10-02,18.375000,18.375000,17.375000,17.875000,17.036219,342600
1995-10-03,17.875000,17.875000,16.250000,17.375000,16.559681,841200
1995-10-04,16.375000,16.750000,15.625000,16.000000,15.249201,1822600
1995-10-05,16.125000,16.500000,15.375000,16.375000,15.606606,605200
1995-10-06,16.750000,16.750000,16.000000,16.000000,15.249201,449000
1995-10-09,16.250000,16.250000,13.750000,13.875000,13.223917,612400
1995-10-10,11.750000,14.625000,11.000000,13.500000,12.866514,1809400
1995-10-11,15.250000,15.250000,13.750000,13.750000,13.104783,1060200
1995-10-12,14.250000,14.750000,13.375000,14.625000,13.938723,878200
1995-10-13,14.875000,15.125000,14.250000,14.750000,14.057858,718600
1995-10-16,14.500000,14.500000,13.500000,13.625000,12.985649,832800
1995-10-17,13.500000,14.375000,13.500000,14.250000,13.581320,1464600
1995-10-18,15.000000,15.875000,14.875000,15.750000,15.010932,1462200
1995-10-19,16.125000,17.250000,15.375000,16.500000,15.725739,1035800
1995-10-20,16.625000,16.875000,16.000000,16.375000,15.606606,1214400
1995-10-23,15.250000,17.125000,15.000000,17.125000,16.321411,828200
1995-10-24,17.750000,18.125000,17.250000,17.875000,17.036219,955200
1995-10-25,17.500000,18.000000,17.000000,17.250000,16.440544,1097200
1995-10-26,16.750000,17.125000,15.750000,16.375000,15.606606,522600
1995-10-27,16.750000,17.000000,16.375000,16.875000,16.083143,598400
1995-10-30,16.625000,17.125000,16.625000,17.125000,16.321411,697200
1995-10-31,17.125000,18.000000,16.875000,17.500000,16.678814,515400
1995-11-01,14.000000,15.250000,13.125000,13.375000,12.747378,7527000
1995-11-02,14.000000,14.625000,13.875000,14.109375,13.447293,3548200
1995-11-03,14.625000,15.250000,14.250000,14.750000,14.057858,3245000
1995-11-06,15.000000,15.375000,14.875000,15.250000,14.534394,1250200
1995-11-07,14.625000,15.375000,14.375000,14.500000,13.819590,946400
1995-11-08,14.625000,15.250000,14.375000,14.375000,13.700455,1096600
1995-11-09,16.375000,16.500000,15.500000,16.000000,15.249201,2797600
1995-11-10,16.000000,16.625000,15.875000,16.187500,15.427903,1193400
1995-11-13,16.000000,16.750000,16.000000,16.500000,15.725739,692200
1995-11-14,16.250000,17.000000,16.000000,16.500000,15.725739,1095200
1995-11-15,16.875000,16.875000,16.000000,16.750000,15.964007,1065200
1995-11-16,17.250000,17.250000,15.000000,15.500000,14.772663,2879200
1995-11-17,15.500000,15.500000,13.875000,14.500000,13.819590,1033400
1995-11-20,14.750000,14.875000,13.750000,13.750000,13.104783,488800
1995-11-21,13.500000,14.250000,12.875000,14.250000,13.581320,760200
1995-11-22,14.500000,15.125000,13.875000,13.937500,13.283484,1160200
1995-11-24,14.000000,14.000000,13.500000,13.875000,13.223917,158000
1995-11-27,13.875000,14.000000,13.000000,13.562500,12.926081,1000000
1995-11-28,13.625000,14.375000,13.250000,14.281250,13.611103,954200
1995-11-29,14.375000,15.000000,13.750000,14.375000,13.700455,783600
1995-11-30,14.250000,14.875000,13.750000,14.187500,13.521754,994200
1995-12-01,14.000000,14.250000,13.625000,14.000000,13.343050,297400
1995-12-04,14.000000,14.625000,13.625000,14.250000,13.581320,568800
1995-12-05,14.750000,14.750000,14.000000,14.000000,13.343050,394400
1995-12-06,14.250000,14.250000,13.000000,13.000000,12.389977,408400
1995-12-07,13.125000,13.750000,12.750000,13.625000,12.985649,684400
1995-12-08,13.375000,13.625000,12.875000,13.187500,12.568678,422200
1995-12-11,13.500000,13.875000,12.875000,13.875000,13.223917,601200
1995-12-12,13.875000,14.125000,13.375000,13.437500,12.806946,393800
1995-12-13,13.750000,13.750000,13.375000,13.625000,12.985649,266000
1995-12-14,13.375000,13.750000,12.875000,13.000000,12.389977,230000
1995-12-15,12.625000,13.125000,11.875000,13.000000,12.389977,630600
1995-12-18,12.625000,13.125000,11.375000,11.812500,11.258200,775600
1995-12-19,12.375000,12.375000,11.750000,12.375000,11.794303,493600
1995-12-20,13.000000,13.500000,12.625000,13.000000,12.389977,488400
1995-12-21,13.125000,13.125000,11.875000,12.375000,11.794303,1187400
1995-12-22,12.250000,12.500000,11.625000,12.281250,11.704953,3027000
1995-12-26,12.125000,12.625000,11.875000,12.062500,11.496469,595200
1995-12-27,12.000000,12.375000,11.875000,12.000000,11.436900,525800
1995-12-28,11.625000,12.000000,11.250000,11.500000,10.960364,1337000
1995-12-29,11.375000,11.875000,11.000000,11.625000,11.079498,1671000
1996-01-02,11.625000,11.875000,11.500000,11.500000,10.960364,443200
1996-01-03,11.312500,11.625000,11.250000,11.625000,11.079498,423200
1996-01-04,11.625000,11.625000,11.125000,11.250000,10.722095,726800
1996-01-05,11.125000,11.625000,11.000000,11.375000,10.841228,1042400
1996-01-08,11.250000,11.375000,11.125000,11.125000,10.602961,186800
1996-01-09,11.250000,11.500000,9.250000,9.625000,9.173348,900000
1996-01-10,9.375000,10.000000,8.750000,9.000000,8.577676,1983400
1996-01-11,9.625000,10.000000,9.375000,9.937500,9.471185,1157200
1996-01-12,10.000000,10.125000,9.500000,9.500000,9.054214,806400
1996-01-15,9.875000,9.875000,8.750000,8.875000,8.458542,780800
1996-01-16,9.125000,9.375000,8.125000,9.250000,8.815944,1321600
1996-01-17,8.750000,9.250000,8.625000,9.125000,8.696810,1329600
1996-01-18,9.375000,9.750000,9.000000,9.500000,9.054214,498800
1996-01-19,10.375000,10.625000,9.875000,10.375000,9.888154,740800
1996-01-22,10.625000,11.500000,10.375000,11.000000,10.483826,1484000
1996-01-23,11.375000,11.625000,10.875000,10.875000,10.364691,765200
1996-01-24,11.125000,11.250000,10.125000,10.687500,10.185991,1210600
1996-01-25,10.750000,11.250000,10.375000,10.750000,10.245559,2519600
1996-01-26,10.625000,11.250000,10.500000,11.125000,10.602961,2256400
1996-01-29,12.500000,12.500000,11.500000,11.812500,11.258200,2745200
1996-01-30,12.500000,12.500000,11.750000,12.125000,11.556035,2872800
1996-01-31,12.812500,12.875000,10.375000,10.937500,10.424258,7043800
1996-02-01,11.250000,11.500000,10.500000,11.375000,10.841228,1575200
1996-02-02,11.500000,11.875000,11.250000,11.500000,10.960364,1140000
1996-02-05,11.750000,11.875000,11.500000,11.750000,11.198633,1123400
1996-02-06,12.000000,12.625000,11.875000,12.437500,11.853872,2305000
1996-02-07,12.625000,12.750000,11.375000,11.500000,10.960364,1635600
1996-02-08,11.812500,11.875000,11.375000,11.625000,11.079498,858600
1996-02-09,11.625000,11.750000,10.875000,11.062500,10.543395,866400
1996-02-12,11.375000,11.625000,11.125000,11.375000,10.841228,985000
1996-02-13,10.625000,11.125000,10.625000,10.937500,10.424258,1539800
1996-02-14,10.875000,11.000000,9.875000,10.250000,9.769019,2201000
1996-02-15,10.375000,10.375000,10.000000,10.125000,9.649886,1295200
1996-02-16,10.000000,10.250000,10.000000,10.125000,9.649886,825000
1996-02-20,10.125000,10.250000,9.875000,10.093750,9.620101,1135000
1996-02-21,10.375000,10.625000,10.187500,10.625000,10.126422,1075600
1996-02-22,11.000000,11.500000,10.812500,11.437500,10.900797,1305400
1996-02-23,11.625000,11.750000,11.250000,11.375000,10.841228,988800
1996-02-26,11.250000,11.406250,10.750000,11.000000,10.483826,909800
1996-02-27,11.000000,11.125000,10.625000,10.687500,10.185991,473800
1996-02-28,10.750000,11.125000,10.250000,10.375000,9.888154,1364600
1996-02-29,10.375000,10.375000,10.125000,10.375000,9.888154,833200
1996-03-01,10.375000,10.750000,10.000000,10.750000,10.245559,2516200
1996-03-04,11.000000,11.125000,10.625000,10.750000,10.245559,738800
1996-03-05,10.750000,10.750000,10.375000,10.437500,9.947721,281000
1996-03-06,10.562500,10.562500,10.125000,10.375000,9.888154,626600
1996-03-07,10.375000,10.375000,10.000000,10.000000,9.530750,1451800
1996-03-08,9.875000,10.375000,9.750000,10.250000,9.769019,1276200
1996-03-11,10.250000,10.500000,10.000000,10.000000,9.530750,837600
1996-03-12,10.250000,10.250000,9.500000,9.531250,9.083998,1221600
1996-03-13,9.750000,9.750000,9.000000,9.375000,8.935079,1415200
1996-03-14,8.000000,8.125000,7.750000,7.875000,7.505466,5520200
1996-03-15,7.875000,8.000000,7.562500,7.875000,7.505466,1770800
1996-03-18,8.250000,8.625000,8.125000,8.437500,8.041572,1196200
1996-03-19,8.750000,8.750000,8.375000,8.562500,8.160706,872200
1996-03-20,8.500000,8.750000,8.250000,8.375000,7.982004,426200
1996-03-21,8.375000,8.375000,8.125000,8.250000,7.862870,360800
1996-03-22,8.500000,8.500000,8.125000,8.375000,7.982004,193000
1996-03-25,8.125000,8.500000,8.125000,8.156250,7.773520,286800
1996-03-26,8.125000,8.250000,7.875000,8.000000,7.624600,350200
1996-03-27,7.875000,8.125000,7.875000,8.125000,7.743735,344800
1996-03-28,8.125000,8.125000,7.812500,7.875000,7.505466,259200
1996-03-29,7.875000,8.125000,7.875000,7.875000,7.505466,279800
1996-04-01,7.875000,8.125000,7.750000,7.757813,7.393779,246800
1996-04-02,8.000000,8.000000,7.437500,7.500000,7.148064,554000
1996-04-03,7.500000,7.875000,7.437500,7.875000,7.505466,485000
1996-04-04,7.875000,7.875000,7.500000,7.812500,7.445900,342800
1996-04-08,7.562500,8.000000,7.500000,8.000000,7.624600,974000
1996-04-09,8.250000,8.500000,8.062500,8.500000,8.101139,579400
1996-04-10,8.250000,8.375000,8.000000,8.125000,7.743735,456000
1996-04-11,8.125000,8.312500,7.750000,7.875000,7.505466,223800
1996-04-12,7.875000,8.125000,7.875000,8.125000,7.743735,110600
1996-04-15,7.875000,8.250000,7.875000,7.875000,7.505466,218400
1996-04-16,7.875000,8.125000,7.875000,8.000000,7.624600,392000
1996-04-17,8.125000,8.375000,7.937500,8.312500,7.922436,361600
1996-04-18,8.250000,8.500000,8.250000,8.250000,7.862870,391000
1996-04-19,8.250000,8.437500,8.000000,8.312500,7.922436,228000
1996-04-22,8.312500,8.625000,8.250000,8.562500,8.160706,393200
1996-04-23,8.625000,8.750000,8.375000,8.625000,8.220272,523800
1996-04-24,8.750000,9.625000,8.625000,9.500000,9.054214,1314600
1996-04-25,10.000000,10.000000,9.625000,9.875000,9.411617,1178000
1996-04-26,10.250000,10.250000,9.875000,10.187500,9.709452,1050200
1996-04-29,10.250000,10.250000,9.625000,9.625000,9.173348,662400
1996-04-30,9.250000,9.500000,9.000000,9.500000,9.054214,689200
1996-05-01,9.375000,9.750000,8.875000,9.687500,9.232914,1399200
1996-05-02,10.000000,10.250000,9.250000,9.500000,9.054214,1079800
1996-05-03,9.750000,9.750000,9.500000,9.625000,9.173348,312600
1996-05-06,9.625000,9.625000,9.250000,9.382813,8.942525,253000
1996-05-07,9.375000,9.625000,9.000000,9.125000,8.696810,349800
1996-05-08,9.000000,9.250000,8.875000,9.000000,8.577676,302600
1996-05-09,8.875000,9.250000,8.875000,9.250000,8.815944,198600
1996-05-10,9.250000,9.250000,9.000000,9.062500,8.637241,160400
1996-05-13,9.000000,9.250000,9.000000,9.250000,8.815944,233800
1996-05-14,9.375000,9.375000,9.054688,9.375000,8.935079,266800
1996-05-15,9.375000,9.375000,9.125000,9.187500,8.756379,742600
1996-05-16,9.125000,9.250000,9.000000,9.125000,8.696810,422000
1996-05-17,9.250000,9.250000,9.125000,9.187500,8.756379,480400
1996-05-20,9.250000,9.250000,8.875000,9.062500,8.637241,500800
1996-05-21,8.937500,9.125000,8.937500,8.937500,8.518109,408400
1996-05-22,8.937500,9.000000,8.875000,8.875000,8.458542,581400
1996-05-23,8.875000,9.000000,8.500000,8.875000,8.458542,299200
1996-05-24,8.875000,8.875000,8.500000,8.507813,8.108585,209200
1996-05-28,8.500000,8.750000,8.250000,8.625000,8.220272,585400
1996-05-29,8.625000,8.875000,8.500000,8.625000,8.220272,446400
1996-05-30,8.750000,8.750000,8.625000,8.750000,8.339407,182400
1996-05-31,9.000000,9.000000,8.750000,8.750000,8.339407,214200
1996-06-03,8.750000,9.000000,8.750000,8.875000,8.458542,121000
1996-06-04,8.875000,9.062500,8.875000,8.937500,8.518109,222800
1996-06-05,8.875000,9.000000,8.625000,8.750000,8.339407,480200
1996-06-06,8.750000,8.750000,8.187500,8.187500,7.803303,1104600
1996-06-07,8.000000,8.375000,7.875000,8.187500,7.803303,476800
1996-06-10,8.312500,8.312500,8.062500,8.250000,7.862870,195800
1996-06-11,8.062500,8.250000,8.000000,8.062500,7.684168,227200
1996-06-12,8.187500,8.187500,8.000000,8.062500,7.684168,312200
1996-06-13,8.000000,8.187500,7.875000,8.000000,7.624600,216000
1996-06-14,7.875000,8.000000,7.875000,7.875000,7.505466,204400
1996-06-17,7.875000,8.000000,7.687500,7.765625,7.401224,286400
1996-06-18,7.687500,7.812500,7.625000,7.687500,7.326765,368200
1996-06-19,7.875000,7.875000,7.625000,7.625000,7.267197,234000
1996-06-20,7.625000,7.750000,7.500000,7.656250,7.296981,332600
1996-06-21,7.750000,7.750000,7.375000,7.375000,7.028929,248400
1996-06-24,7.375000,7.562500,7.312500,7.375000,7.028929,474600
1996-06-25,7.500000,7.500000,6.875000,7.125000,6.790660,395800
1996-06-26,7.062500,7.062500,6.687500,6.750000,6.433257,524800
1996-06-27,6.625000,6.875000,6.625000,6.750000,6.433257,526600
1996-06-28,6.875000,7.312500,6.812500,7.312500,6.969361,972800
1996-07-01,7.312500,7.312500,7.187500,7.281250,6.939578,232400
1996-07-02,7.312500,7.312500,7.125000,7.250000,6.909795,342200
1996-07-03,7.187500,7.250000,6.937500,7.000000,6.671525,173600
1996-07-05,6.875000,7.062500,6.750000,7.062500,6.731092,141200
1996-07-08,7.125000,7.125000,6.875000,7.000000,6.671525,222800
1996-07-09,7.062500,7.250000,6.687500,6.875000,6.552392,502200
1996-07-10,6.875000,6.875000,6.187500,6.437500,6.135421,681200
1996-07-11,6.250000,6.312500,5.937500,6.125000,5.837584,498800
1996-07-12,6.125000,6.187500,6.000000,6.156250,5.867368,249200
1996-07-15,6.125000,6.125000,5.250000,5.375000,5.122779,516200
1996-07-16,5.187500,5.625000,5.062500,5.375000,5.122779,769800
1996-07-17,5.625000,6.375000,5.562500,6.125000,5.837584,518400
1996-07-18,6.125000,6.250000,6.000000,6.062500,5.778018,198400
1996-07-19,5.937500,5.937500,5.625000,5.625000,5.361047,241800
1996-07-22,5.687500,5.812500,5.625000,5.625000,5.361047,150400
1996-07-23,5.625000,5.875000,5.187500,5.187500,4.944077,360000
1996-07-24,5.000000,5.500000,4.812500,5.375000,5.122779,626600
1996-07-25,5.500000,5.500000,5.250000,5.500000,5.241913,762200
1996-07-26,4.625000,5.375000,4.500000,5.000000,4.765375,1716400
1996-07-29,5.000000,5.125000,4.875000,4.875000,4.646241,1022200
1996-07-30,5.000000,5.125000,4.750000,4.843750,4.616457,467800
1996-07-31,5.000000,5.000000,4.687500,4.718750,4.497323,528400
1996-08-01,4.750000,4.750000,4.500000,4.562500,4.348405,862400
1996-08-02,4.687500,5.312500,4.625000,5.312500,5.063211,1438000
1996-08-05,5.250000,5.437500,5.000000,5.000000,4.765375,690000
1996-08-06,5.125000,5.125000,4.937500,5.000000,4.765375,421800
1996-08-07,5.250000,6.000000,5.125000,5.937500,5.658884,1517400
1996-08-08,5.937500,5.937500,5.625000,5.750000,5.480182,720800
1996-08-09,5.687500,6.000000,5.500000,6.000000,5.718450,502000
1996-08-12,6.000000,6.000000,5.500000,5.625000,5.361047,430000
1996-08-13,5.687500,5.750000,5.500000,5.625000,5.361047,355600
1996-08-14,5.500000,5.687500,5.500000,5.687500,5.420614,534600
1996-08-15,5.687500,5.687500,5.500000,5.531250,5.271698,185400
1996-08-16,5.500000,5.562500,5.250000,5.312500,5.063211,275800
1996-08-19,5.250000,5.375000,5.000000,5.000000,4.765375,218600
1996-08-20,5.187500,5.187500,4.937500,5.031250,4.795160,310000
1996-08-21,5.000000,5.125000,5.000000,5.062500,4.824943,232800
1996-08-22,5.125000,5.125000,4.875000,5.062500,4.824943,392200
1996-08-23,5.062500,5.062500,4.875000,5.000000,4.765375,218600
1996-08-26,5.062500,5.250000,4.875000,5.062500,4.824943,288200
1996-08-27,4.875000,5.125000,4.812500,4.937500,4.705809,466600
1996-08-28,4.937500,5.000000,4.812500,4.875000,4.646241,193400
1996-08-29,5.000000,5.000000,4.750000,4.937500,4.705809,147400
1996-08-30,4.750000,4.937500,4.687500,4.937500,4.705809,162400
1996-09-03,4.750000,4.937500,4.687500,4.750000,4.527107,119200
1996-09-04,4.937500,4.937500,4.687500,4.687500,4.467539,279800
1996-09-05,4.687500,4.750000,4.625000,4.656250,4.437757,207000
1996-09-06,4.625000,4.750000,4.625000,4.687500,4.467539,185800
1996-09-09,4.687500,4.687500,4.500000,4.500000,4.288838,210600
1996-09-10,4.437500,4.687500,4.437500,4.500000,4.288838,217000
1996-09-11,4.562500,4.562500,4.375000,4.468750,4.259055,455400
1996-09-12,4.375000,4.500000,4.375000,4.437500,4.229271,397800
1996-09-13,4.625000,4.625000,4.437500,4.437500,4.229271,305000
1996-09-16,4.500000,4.687500,4.500000,4.679688,4.460094,900600
1996-09-17,4.875000,5.375000,4.875000,5.375000,5.122779,1645600
1996-09-18,5.250000,5.500000,5.062500,5.187500,4.944077,714000
1996-09-19,5.000000,5.375000,4.937500,5.375000,5.122779,509800
1996-09-20,5.375000,5.500000,5.187500,5.187500,4.944077,534400
1996-09-23,5.250000,5.250000,5.062500,5.187500,4.944077,269800
1996-09-24,5.250000,6.000000,5.125000,5.875000,5.599317,1252400
1996-09-25,5.750000,6.000000,5.750000,5.937500,5.658884,936400
1996-09-26,5.937500,6.250000,5.875000,6.125000,5.837584,1189000
1996-09-27,6.250000,6.312500,5.812500,5.812500,5.539749,853800
1996-09-30,5.812500,5.937500,5.687500,5.687500,5.420614,270400
1996-10-01,5.812500,5.812500,5.437500,5.625000,5.361047,394600
1996-10-02,5.750000,5.750000,5.437500,5.562500,5.301480,327000
1996-10-03,5.562500,5.562500,5.250000,5.500000,5.241913,354000
1996-10-04,5.625000,5.625000,5.250000,5.312500,5.063211,283000
1996-10-07,5.500000,5.562500,5.375000,5.562500,5.301480,177600
1996-10-08,5.625000,6.000000,5.625000,6.000000,5.718450,566600
1996-10-09,6.375000,6.375000,6.062500,6.093750,5.807801,921400
1996-10-10,6.125000,6.250000,5.875000,5.937500,5.658884,657200
1996-10-11,6.000000,6.062500,5.875000,6.000000,5.718450,291800
1996-10-14,6.062500,6.062500,5.625000,5.875000,5.599317,204400
1996-10-15,6.000000,6.125000,5.750000,6.000000,5.718450,308000
1996-10-16,6.000000,6.000000,5.750000,5.812500,5.539749,213400
1996-10-17,5.937500,5.937500,5.625000,5.656250,5.390831,202800
1996-10-18,5.750000,5.750000,5.437500,5.500000,5.241913,223200
1996-10-21,5.562500,5.562500,5.375000,5.500000,5.241913,245000
1996-10-22,5.375000,5.437500,5.250000,5.250000,5.003644,208000
1996-10-23,5.312500,5.625000,5.250000,5.500000,5.241913,336000
1996-10-24,5.562500,5.750000,5.500000,5.562500,5.301480,298000
1996-10-25,5.687500,5.875000,5.562500,5.687500,5.420614,399000
1996-10-28,5.500000,6.500000,5.375000,6.500000,6.194988,1515400
1996-10-29,6.625000,6.687500,6.000000,6.250000,5.956720,1145400
1996-10-30,6.250000,6.750000,6.125000,6.562500,6.254556,1036600
1996-10-31,6.562500,6.750000,6.500000,6.562500,6.254556,665600
1996-11-01,6.625000,6.625000,6.250000,6.437500,6.135421,617000
1996-11-04,6.250000,6.625000,6.250000,6.562500,6.254556,350800
1996-11-05,6.625000,6.750000,6.375000,6.375000,6.075854,318200
1996-11-06,6.375000,6.687500,6.375000,6.625000,6.314122,322800
1996-11-07,6.687500,7.500000,6.625000,7.250000,6.909795,1933400
1996-11-08,7.312500,7.687500,7.125000,7.625000,7.267197,870000
1996-11-11,7.500000,8.250000,7.437500,8.062500,7.684168,1664000
1996-11-12,8.437500,8.437500,8.062500,8.187500,7.803303,2167800
1996-11-13,8.187500,8.250000,7.875000,7.875000,7.505466,701400
1996-11-14,8.000000,8.562500,7.562500,8.562500,8.160706,1267600
1996-11-15,8.625000,8.937500,8.437500,8.812500,8.398973,2020400
1996-11-18,9.000000,9.125000,8.750000,8.937500,8.518109,882200
1996-11-19,8.937500,9.062500,8.875000,8.937500,8.518109,937800
1996-11-20,9.000000,9.000000,8.562500,8.625000,8.220272,929600
1996-11-21,9.000000,10.312500,9.000000,10.250000,9.769019,4628800
1996-11-22,10.687500,10.937500,10.187500,10.437500,9.947721,3371600
1996-11-25,10.437500,10.437500,9.937500,10.000000,9.530750,1262200
1996-11-26,10.000000,10.062500,9.375000,9.625000,9.173348,1131600
1996-11-27,9.562500,10.250000,9.562500,10.250000,9.769019,829600
1996-11-29,10.000000,10.250000,10.000000,10.125000,9.649886,185000
1996-12-02,10.125000,10.437500,9.812500,10.250000,9.769019,835600
1996-12-03,10.375000,10.812500,10.250000,10.437500,9.947721,1510200
1996-12-04,10.312500,10.375000,10.187500,10.312500,9.828588,478000
1996-12-05,10.312500,10.437500,10.187500,10.375000,9.888154,517200
1996-12-06,9.812500,10.312500,9.750000,10.250000,9.769019,1088600
1996-12-09,10.187500,11.000000,10.187500,11.000000,10.483826,1512000
1996-12-10,11.093750,11.125000,10.687500,10.687500,10.185991,1772600
1996-12-11,10.375000,10.625000,10.000000,10.625000,10.126422,793400
1996-12-12,10.562500,10.687500,10.375000,10.375000,9.888154,535600
1996-12-13,10.000000,10.187500,9.875000,9.875000,9.411617,587200
1996-12-16,9.937500,10.125000,9.875000,9.937500,9.471185,259600
1996-12-17,9.875000,9.937500,9.750000,9.750000,9.292482,720200
1996-12-18,10.125000,10.500000,9.937500,10.187500,9.709452,1143800
1996-12-19,10.437500,10.562500,10.250000,10.437500,9.947721,933200
1996-12-20,10.375000,10.437500,10.312500,10.437500,9.947721,579200
1996-12-23,10.312500,10.375000,10.187500,10.187500,9.709452,344600
1996-12-24,10.187500,10.312500,10.000000,10.000000,9.530750,249200
1996-12-26,10.000000,10.125000,9.750000,9.875000,9.411617,311200
1996-12-27,10.000000,10.062500,9.687500,9.812500,9.352048,262800
1996-12-30,9.875000,10.000000,9.750000,9.875000,9.411617,354600
1996-12-31,9.875000,10.062500,9.312500,9.500000,9.054214,545400
1997-01-02,9.500000,9.625000,9.375000,9.500000,9.054214,940600
1997-01-03,9.500000,10.750000,9.500000,10.500000,10.007288,860800
1997-01-06,10.500000,11.125000,10.500000,10.812500,10.305123,1366200
1997-01-07,10.750000,10.750000,10.437500,10.687500,10.185991,516400
1997-01-08,10.625000,11.062500,10.625000,11.062500,10.543395,1016600
1997-01-09,11.750000,12.687500,11.625000,12.281250,11.704953,3596600
1997-01-10,11.937500,12.562500,11.750000,12.312500,11.734736,1472200
1997-01-13,12.375000,12.500000,12.250000,12.437500,11.853872,684800
1997-01-14,12.500000,12.562500,12.250000,12.437500,11.853872,1183200
1997-01-15,12.375000,12.625000,12.312500,12.437500,11.853872,1069600
1997-01-16,12.375000,12.625000,12.250000,12.312500,11.734736,475600
1997-01-17,12.312500,12.312500,11.812500,12.125000,11.556035,912800
1997-01-20,12.062500,12.625000,12.062500,12.500000,11.913440,1256000
1997-01-21,12.500000,14.437500,12.375000,13.687500,13.045215,3667000
1997-01-22,13.625000,14.500000,13.000000,13.687500,13.045215,3453200
1997-01-23,13.875000,14.937500,13.875000,14.187500,13.521754,4904600
1997-01-24,14.062500,14.312500,13.250000,13.937500,13.283484,2178200
1997-01-27,13.750000,13.875000,13.500000,13.500000,12.866514,961400
1997-01-28,13.562500,14.375000,13.562500,13.875000,13.223917,1611800
1997-01-29,13.875000,14.125000,13.625000,13.750000,13.104783,630400
1997-01-30,13.750000,14.062500,13.750000,14.000000,13.343050,494200
1997-01-31,13.937500,14.375000,13.375000,13.750000,13.104783,976400
1997-02-03,13.687500,13.750000,13.375000,13.375000,12.747378,1026800
1997-02-04,13.375000,13.562500,12.125000,12.500000,11.913440,1967600
1997-02-05,12.375000,12.562500,11.500000,11.562500,11.019930,2012000
1997-02-06,11.875000,12.125000,11.500000,12.000000,11.436900,629200
1997-02-07,12.625000,12.875000,12.250000,12.500000,11.913440,711400
1997-02-10,12.625000,12.625000,11.312500,11.312500,10.781663,759600
1997-02-11,11.375000,11.875000,11.187500,11.687500,11.139065,1334800
1997-02-12,12.062500,13.875000,11.687500,13.625000,12.985649,2409000
1997-02-13,13.750000,15.000000,13.500000,14.250000,13.581320,2697600
1997-02-14,14.312500,14.312500,13.062500,13.250000,12.628244,1367800
1997-02-18,13.250000,13.875000,12.875000,13.750000,13.104783,1107400
1997-02-19,13.750000,14.312500,13.750000,14.062500,13.402619,1080000
1997-02-20,13.812500,13.812500,12.812500,12.812500,12.211274,783800
1997-02-21,12.812500,13.062500,12.375000,12.937500,12.330409,739000
1997-02-24,12.750000,13.937500,12.625000,13.250000,12.628244,878400
1997-02-25,13.187500,13.437500,12.937500,13.000000,12.389977,394400
1997-02-26,12.875000,13.500000,12.562500,13.312500,12.687813,603800
1997-02-27,13.375000,13.750000,13.125000,13.187500,12.568678,572400
1997-02-28,13.125000,13.500000,12.750000,13.250000,12.628244,607400
1997-03-03,13.125000,13.375000,12.812500,12.937500,12.330409,219800
1997-03-04,12.812500,13.250000,12.812500,13.125000,12.509111,861200
1997-03-05,13.187500,13.375000,13.062500,13.062500,12.449544,626800
1997-03-06,13.187500,13.187500,12.625000,12.625000,12.032574,368400
1997-03-07,12.625000,12.750000,12.125000,12.187500,11.615602,743600
1997-03-10,12.312500,12.375000,11.375000,11.375000,10.841228,781800
1997-03-11,11.687500,12.625000,11.562500,12.437500,11.853872,708600
1997-03-12,12.375000,12.500000,12.062500,12.312500,11.734736,260600
1997-03-13,12.312500,12.812500,12.312500,12.687500,12.092140,362600
1997-03-14,12.875000,12.937500,12.250000,12.375000,11.794303,318600
1997-03-17,12.312500,12.375000,11.156250,11.437500,10.900797,993200
1997-03-18,11.812500,11.875000,10.937500,11.375000,10.841228,627600
1997-03-19,11.250000,11.375000,10.125000,10.343750,9.858371,1606200
1997-03-20,10.375000,10.562500,9.812500,10.500000,10.007288,1755800
1997-03-21,10.562500,10.937500,10.437500,10.437500,9.947721,1022200
1997-03-24,10.375000,10.437500,9.843750,9.875000,9.411617,1279800
1997-03-25,9.937500,10.187500,9.562500,10.187500,9.709452,1141200
1997-03-26,10.250000,11.437500,10.187500,11.000000,10.483826,1400600
1997-03-27,11.125000,11.625000,10.875000,10.875000,10.364691,1302400
1997-03-31,10.875000,10.937500,10.500000,10.562500,10.066855,704800
1997-04-01,10.500000,10.625000,10.375000,10.375000,9.888154,265400
1997-04-02,10.625000,11.125000,10.437500,10.937500,10.424258,1139400
1997-04-03,11.062500,12.000000,10.750000,12.000000,11.436900,1080400
1997-04-04,11.937500,12.687500,11.625000,12.312500,11.734736,1194200
1997-04-07,12.562500,12.812500,12.500000,12.593750,12.002789,1277600
1997-04-08,12.500000,13.812500,12.312500,13.695313,13.052660,2464200
1997-04-09,13.750000,13.750000,13.250000,13.375000,12.747378,1816400
1997-04-10,13.125000,13.187500,12.625000,12.812500,12.211274,1119000
1997-04-11,12.500000,12.687500,12.125000,12.437500,11.853872,958000
1997-04-14,12.375000,12.812500,12.250000,12.500000,11.913440,814400
1997-04-15,12.625000,12.687500,12.250000,12.312500,11.734736,1042400
1997-04-16,12.000000,12.250000,11.562500,11.875000,11.317767,984000
1997-04-17,11.812500,12.500000,11.812500,12.343750,11.764521,865000
1997-04-18,12.562500,13.125000,12.375000,12.812500,12.211274,1875800
1997-04-21,12.812500,12.875000,12.375000,12.500000,11.913440,780000
1997-04-22,12.437500,13.000000,12.125000,12.843750,12.241058,1206800
1997-04-23,12.937500,14.000000,12.750000,13.406250,12.777162,1964800
1997-04-24,13.562500,14.125000,13.562500,14.000000,13.343050,3547400
1997-04-25,13.812500,14.000000,13.312500,13.625000,12.985649,811800
1997-04-28,13.500000,13.875000,13.312500,13.625000,12.985649,764800
1997-04-29,13.937500,14.187500,13.750000,14.000000,13.343050,800800
1997-04-30,13.812500,14.125000,13.812500,13.968750,13.313268,752800
1997-05-01,13.937500,14.687500,13.687500,14.375000,13.700455,1040600
1997-05-02,14.312500,14.875000,14.312500,14.687500,13.998290,893400
1997-05-05,14.687500,16.375000,14.687500,16.062500,15.308769,3363000
1997-05-06,16.000000,16.250000,15.562500,15.718750,14.981150,1835000
1997-05-07,15.500000,16.125000,15.375000,15.687500,14.951365,1007600
1997-05-08,15.625000,15.625000,14.875000,15.156250,14.445044,960000
1997-05-09,15.500000,16.000000,15.375000,15.875000,15.130067,1176000
1997-05-12,16.000000,16.875000,16.000000,16.375000,15.606606,1431400
1997-05-13,16.375000,16.500000,15.562500,15.625000,14.891800,924800
1997-05-14,15.750000,15.890625,14.812500,14.812500,14.117424,5058000
1997-05-15,14.875000,15.500000,14.812500,15.375000,14.653530,1314000
1997-05-16,15.187500,15.500000,15.125000,15.437500,14.713097,691400
1997-05-19,15.437500,15.562500,15.187500,15.250000,14.534394,716800
1997-05-20,15.312500,15.562500,15.062500,15.500000,14.772663,998800
1997-05-21,15.500000,16.062500,15.500000,16.062500,15.308769,2055800
1997-05-22,16.125000,16.125000,15.750000,15.937500,15.189635,592000
1997-05-23,15.937500,16.250000,15.500000,16.250000,15.487471,1222800
1997-05-27,16.250000,17.500000,16.062500,17.375000,16.559681,2549600
1997-05-28,17.062500,17.812500,16.500000,17.687500,16.857515,2714800
1997-05-29,17.437500,17.562500,16.812500,17.062500,16.261845,1336200
1997-05-30,16.250000,17.187500,15.062500,16.875000,16.083143,3887200
1997-06-02,16.937500,17.125000,16.562500,16.593750,15.815092,850200
1997-06-03,16.500000,16.562500,16.000000,16.000000,15.249201,1141400
1997-06-04,15.812500,16.187500,15.156250,15.312500,14.593963,1566400
1997-06-05,15.437500,16.125000,15.437500,15.562500,14.832231,1172600
1997-06-06,15.687500,15.687500,15.187500,15.312500,14.593963,1077600
1997-06-09,15.437500,15.500000,15.125000,15.187500,14.474828,770600
1997-06-10,15.062500,15.125000,13.375000,13.562500,12.926081,2522600
1997-06-11,13.437500,13.468750,12.062500,13.062500,12.449544,5001600
1997-06-12,13.250000,13.750000,12.875000,13.375000,12.747378,2068000
1997-06-13,13.250000,13.812500,13.187500,13.375000,12.747378,813800
1997-06-16,13.562500,13.562500,12.812500,13.000000,12.389977,1615600
1997-06-17,13.000000,14.187500,12.937500,13.718750,13.074998,2923200
1997-06-18,13.375000,14.250000,13.250000,13.500000,12.866514,1518800
1997-06-19,13.562500,14.218750,13.375000,14.187500,13.521754,1304000
1997-06-20,14.125000,14.187500,13.781250,13.937500,13.283484,712200
1997-06-23,14.125000,14.750000,13.937500,14.062500,13.402619,918000
1997-06-24,14.750000,15.093750,14.375000,15.000000,14.296127,1313000
1997-06-25,15.312500,15.781250,15.187500,15.562500,14.832231,1771200
1997-06-26,15.625000,16.187500,15.500000,16.187500,15.427903,2836800
1997-06-27,16.250000,16.375000,15.562500,16.000000,15.249201,1533200
1997-06-30,16.000000,16.375000,15.875000,16.234375,15.472580,915400
1997-07-01,16.062500,17.000000,16.000000,16.500000,15.725739,938200
1997-07-02,16.437500,16.625000,15.500000,15.687500,14.951365,1561400
1997-07-03,16.000000,16.125000,15.687500,16.000000,15.249201,814000
1997-07-07,16.062500,16.625000,15.937500,16.312500,15.547040,718600
1997-07-08,16.375000,17.625000,16.312500,17.343750,16.529894,2581400
1997-07-09,17.625000,18.906250,17.531250,18.312500,17.453190,2536600
1997-07-10,18.375000,19.500000,18.000000,19.500000,18.584965,2430000
1997-07-11,19.562500,20.187500,19.437500,19.625000,18.704096,2363600
1997-07-14,19.562500,19.625000,19.000000,19.375000,18.465828,1528600
1997-07-15,19.375000,19.562500,19.312500,19.406250,18.495617,1534800
1997-07-16,19.500000,19.875000,19.500000,19.750000,18.823235,1944000
1997-07-17,19.750000,19.875000,19.687500,19.718750,18.793449,1796600
1997-07-18,19.750000,20.000000,18.187500,19.437500,18.525396,2759600
1997-07-21,19.375000,19.843750,18.875000,19.500000,18.584965,801200
1997-07-22,19.562500,20.187500,19.250000,20.000000,19.061501,1550200
1997-07-23,20.250000,21.000000,20.187500,20.687500,19.716742,4904600
1997-07-24,20.687500,20.812500,19.687500,19.875000,18.942369,1932200
1997-07-25,19.937500,20.125000,19.625000,19.875000,18.942369,1127600
1997-07-28,20.125000,20.500000,19.687500,19.937500,19.001934,1640000
1997-07-29,20.000000,20.156250,19.000000,19.375000,18.465828,895200
1997-07-30,19.000000,19.687500,18.875000,19.437500,18.525396,1194200
1997-07-31,19.375000,19.750000,19.218750,19.406250,18.495617,436200
1997-08-01,19.375000,20.187500,18.875000,20.062500,19.121065,1241600
1997-08-04,20.062500,21.187500,19.875000,20.312500,19.359339,2312600
1997-08-05,20.375000,20.875000,20.312500,20.750000,19.776308,1896800
1997-08-06,20.875000,22.187500,20.562500,21.500000,20.491117,2126800
1997-08-07,21.750000,21.937500,21.187500,21.375000,20.371983,1100200
1997-08-08,20.937500,21.687500,20.500000,21.500000,20.491117,1565400
1997-08-11,21.687500,21.750000,21.000000,21.343750,20.342196,1149200
1997-08-12,21.562500,22.000000,21.000000,21.125000,20.133711,1364800
1997-08-13,21.437500,22.187500,20.625000,21.687500,20.669815,2363200
1997-08-14,21.750000,22.312500,21.625000,21.875000,20.848516,1043800
1997-08-15,21.875000,22.875000,21.625000,22.312500,21.265488,1934200
1997-08-18,22.312500,22.906250,21.812500,22.500000,21.444189,1262800
1997-08-19,22.500000,23.250000,21.875000,23.062500,21.980293,1554600
1997-08-20,23.000000,25.437500,22.875000,25.250000,24.065147,2583400
1997-08-21,25.000000,26.375000,24.437500,25.437500,24.243847,2447400
1997-08-22,24.750000,25.500000,24.500000,25.500000,24.303415,2191000
1997-08-25,25.375000,25.875000,25.187500,25.250000,24.065147,1236800
1997-08-26,25.187500,25.375000,24.187500,24.500000,23.350338,2214400
1997-08-27,24.625000,24.687500,23.812500,24.187500,23.052505,938800
1997-08-28,24.000000,24.000000,22.750000,23.125000,22.039860,1963600
1997-08-29,23.125000,23.812500,22.812500,22.968750,21.890944,1947600
1997-09-02,23.062500,25.062500,22.937500,24.937500,23.767311,1571600
1997-09-03,24.812500,25.187500,23.906250,25.062500,23.886444,2518800
1997-09-04,24.937500,25.437500,24.875000,24.937500,23.767311,719200
1997-09-05,25.000000,27.500000,24.500000,27.312500,26.030865,3621800
1997-09-08,27.562500,28.000000,26.000000,26.500000,25.256489,2432600
1997-09-09,26.250000,27.125000,26.000000,26.875000,25.613892,1148200
1997-09-10,26.687500,27.562500,26.687500,27.250000,25.971298,1138400
1997-09-11,27.125000,29.187500,26.937500,28.625000,27.281775,2190000
1997-09-12,28.625000,28.750000,26.875000,27.000000,25.733028,1940400
1997-09-15,27.000000,27.000000,25.000000,25.218750,24.035366,1492600
1997-09-16,25.750000,26.937500,25.437500,26.937500,25.673462,1456600
1997-09-17,27.000000,27.500000,25.937500,26.250000,25.018223,1234400
1997-09-18,26.375000,26.750000,25.750000,26.500000,25.256489,598600
1997-09-19,26.250000,26.812500,25.875000,26.375000,25.137356,427400
1997-09-22,26.500000,27.937500,26.375000,27.750000,26.447834,998200
1997-09-23,27.765625,28.875000,27.687500,28.437500,27.103073,1105000
1997-09-24,28.500000,28.625000,27.250000,27.250000,25.971298,562200
1997-09-25,26.750000,26.937500,24.593750,24.781250,23.618391,2266400
1997-09-26,25.812500,25.812500,22.500000,24.000000,22.873800,6021200
1997-09-29,23.875000,25.125000,22.750000,23.156250,22.069645,2070600
1997-09-30,23.125000,24.125000,22.750000,23.156250,22.069645,2486600
1997-10-01,23.250000,23.250000,20.625000,21.312500,20.312412,4377000
1997-10-02,21.687500,23.000000,21.562500,22.843750,21.771811,2650400
1997-10-03,23.062500,24.125000,22.687500,23.562500,22.456831,2234400
1997-10-06,19.718750,19.937500,17.187500,19.500000,18.584965,21151800
1997-10-07,18.937500,19.000000,18.125000,18.375000,17.512758,4827000
1997-10-08,18.500000,20.125000,18.437500,20.125000,19.180639,5545400
1997-10-09,19.875000,20.000000,18.937500,19.007813,18.115871,2183200
1997-10-10,18.937500,19.656250,18.750000,19.312500,18.406260,1134800
1997-10-13,19.312500,19.625000,19.187500,19.187500,18.287130,428600
1997-10-14,19.187500,19.312500,18.187500,18.406250,17.542538,2418000
1997-10-15,18.062500,18.500000,17.812500,18.343750,17.482971,1566600
1997-10-16,18.500000,18.625000,16.062500,16.593750,15.815092,2800000
1997-10-17,16.500000,16.750000,15.187500,16.031250,15.278985,3735200
1997-10-20,16.500000,16.625000,15.250000,15.875000,15.130067,2514800
1997-10-21,16.000000,17.437500,15.937500,17.000000,16.202278,2981600
1997-10-22,17.250000,17.750000,16.937500,17.500000,16.678814,3033000
1997-10-23,16.500000,17.125000,15.750000,15.750000,15.010932,2608800
1997-10-24,16.125000,16.250000,13.500000,14.062500,13.402619,8379200
1997-10-27,13.500000,14.437500,12.375000,12.500000,11.913440,2061800
1997-10-28,11.312500,13.687500,11.125000,13.062500,12.449544,3408400
1997-10-29,13.875000,15.062500,13.062500,13.062500,12.449544,3259600
1997-10-30,12.625000,13.375000,12.000000,12.000000,11.436900,1669400
1997-10-31,13.062500,13.312500,11.562500,12.875000,12.270842,3461600
1997-11-03,13.250000,13.750000,13.000000,13.312500,12.687813,1511000
1997-11-04,13.937500,15.687500,13.625000,15.250000,14.534394,3894400
1997-11-05,15.875000,17.281250,15.500000,16.656250,15.874659,4068200
1997-11-06,16.812500,17.437500,15.750000,16.000000,15.249201,2856400
1997-11-07,15.125000,15.937500,14.687500,15.500000,14.772663,2114800
1997-11-10,16.000000,16.000000,15.125000,15.187500,14.474828,675000
1997-11-11,15.250000,15.312500,14.000000,14.375000,13.700455,1640000
1997-11-12,14.187500,14.187500,12.750000,13.437500,12.806946,3552600
1997-11-13,13.687500,14.187500,12.312500,14.062500,13.402619,3007400
1997-11-14,15.062500,15.250000,13.843750,14.187500,13.521754,3646200
1997-11-17,14.750000,15.312500,14.500000,14.937500,14.236561,1848400
1997-11-18,15.000000,15.062500,14.625000,15.000000,14.296127,1694000
1997-11-19,14.937500,15.750000,14.812500,15.187500,14.474828,2320800
1997-11-20,15.437500,15.937500,15.250000,15.906250,15.159852,2106800
1997-11-21,16.062500,16.187500,14.875000,14.875000,14.176991,1908200
1997-11-24,14.812500,14.875000,14.187500,14.343750,13.670672,1094200
1997-11-25,14.375000,15.125000,14.187500,14.593750,13.908939,1491800
1997-11-26,14.812500,14.812500,13.187500,13.312500,12.687813,2019800
1997-11-28,13.500000,13.875000,13.062500,13.781250,13.134565,534600
1997-12-01,14.000000,14.312500,13.312500,13.312500,12.687813,1208800
1997-12-02,13.500000,13.875000,13.000000,13.000000,12.389977,1196600
1997-12-03,12.937500,13.062500,12.375000,12.937500,12.330409,1757000
1997-12-04,13.218750,13.500000,12.125000,12.562500,11.973006,1305000
1997-12-05,12.500000,13.500000,12.375000,13.437500,12.806946,1480400
1997-12-08,13.937500,14.187500,13.375000,14.000000,13.343050,1769000
1997-12-09,13.750000,13.937500,13.250000,13.281250,12.658029,903400
1997-12-10,13.250000,13.250000,12.156250,12.437500,11.853872,1461800
1997-12-11,8.500000,9.750000,8.500000,9.062500,8.637241,6997400
1997-12-12,9.187500,9.312500,8.625000,8.937500,8.518109,1464800
1997-12-15,9.062500,9.187500,8.250000,8.718750,8.309624,3387600
1997-12-16,8.781250,9.375000,8.625000,9.250000,8.815944,2538600
1997-12-17,9.500000,9.812500,9.437500,9.437500,8.994645,1697600
1997-12-18,9.593750,9.593750,8.906250,8.906250,8.488325,875200
1997-12-19,8.625000,9.187500,8.562500,8.687500,8.279840,3678400
1997-12-22,8.937500,9.437500,8.875000,9.000000,8.577676,995400
1997-12-23,9.125000,9.125000,8.687500,8.781250,8.369190,513200
1997-12-24,9.000000,9.125000,8.875000,8.875000,8.458542,307400
1997-12-26,9.000000,9.000000,8.875000,8.937500,8.518109,215600
1997-12-29,9.125000,9.468750,9.031250,9.312500,8.875513,809200
1997-12-30,9.437500,9.500000,9.156250,9.156250,8.726595,1152600
1997-12-31,9.312500,9.437500,8.937500,9.312500,8.875513,2141200
1998-01-02,9.437500,9.468750,9.093750,9.375000,8.935079,698400
1998-01-05,9.750000,10.687500,9.468750,10.250000,9.769019,2579400
1998-01-06,10.375000,10.437500,9.562500,9.718750,9.262698,1334600
1998-01-07,9.750000,9.750000,9.218750,9.437500,8.994645,823000
1998-01-08,9.437500,9.968750,9.250000,9.593750,9.143565,1614000
1998-01-09,9.687500,9.687500,8.312500,8.312500,7.922436,2606400
1998-01-12,8.250000,8.812500,8.125000,8.562500,8.160706,1975600
1998-01-13,9.062500,9.312500,8.937500,9.125000,8.696810,2040600
1998-01-14,9.437500,9.500000,8.750000,8.937500,8.518109,1545000
1998-01-15,9.125000,9.468750,8.875000,9.250000,8.815944,2121800
1998-01-16,9.562500,9.562500,9.000000,9.031250,8.607460,1357600
1998-01-20,9.375000,9.531250,9.125000,9.437500,8.994645,1914600
1998-01-21,9.312500,9.968750,9.125000,9.937500,9.471185,2701800
1998-01-22,10.000000,10.218750,9.375000,9.437500,8.994645,5535200
1998-01-23,9.625000,9.875000,9.437500,9.875000,9.411617,1399000
1998-01-26,10.000000,10.125000,9.656250,9.781250,9.322268,1660800
1998-01-27,9.781250,10.000000,9.625000,9.875000,9.411617,1384000
1998-01-28,9.875000,10.343750,9.812500,10.218750,9.739236,3005600
1998-01-29,10.250000,10.250000,9.750000,9.781250,9.322268,1187600
1998-01-30,9.937500,10.125000,9.875000,10.125000,9.649886,762600
1998-02-02,10.312500,11.187500,10.312500,11.062500,10.543395,3194000
1998-02-03,11.500000,12.187500,11.281250,11.937500,11.377335,3541600
1998-02-04,11.937500,12.500000,11.281250,12.125000,11.556035,3145200
1998-02-05,12.468750,12.562500,11.625000,11.656250,11.109282,2655600
1998-02-06,11.687500,12.218750,11.375000,12.093750,11.526253,1360800
1998-02-09,12.062500,12.250000,11.937500,12.093750,11.526253,768400
1998-02-10,12.000000,13.625000,11.937500,13.562500,12.926081,4128600
1998-02-11,13.375000,14.812500,13.375000,14.218750,13.551537,5247800
1998-02-12,14.218750,14.437500,14.000000,14.312500,13.640887,2471600
1998-02-13,14.250000,14.250000,13.562500,13.625000,12.985649,1495400
1998-02-17,14.000000,14.125000,13.000000,13.125000,12.509111,1419400
1998-02-18,13.125000,13.531250,12.937500,13.250000,12.628244,1264200
1998-02-19,13.343750,13.968750,13.156250,13.968750,13.313268,1708000
1998-02-20,14.093750,14.343750,13.218750,13.250000,12.628244,1574000
1998-02-23,13.500000,14.000000,13.437500,13.937500,13.283484,1257600
1998-02-24,13.812500,13.937500,13.500000,13.500000,12.866514,854200
1998-02-25,13.750000,14.250000,13.500000,13.937500,13.283484,1637800
1998-02-26,13.750000,14.156250,13.562500,13.875000,13.223917,821400
1998-02-27,13.750000,13.937500,13.625000,13.875000,13.223917,789000
1998-03-02,13.937500,13.937500,13.250000,13.375000,12.747378,1262200
1998-03-03,13.000000,13.187500,12.437500,12.781250,12.181493,1951200
1998-03-04,12.625000,13.062500,12.437500,12.843750,12.241058,706200
1998-03-05,11.625000,12.187500,11.625000,11.812500,11.258200,1681800
1998-03-06,12.125000,12.687500,12.000000,12.281250,11.704953,842800
1998-03-09,12.218750,12.312500,11.500000,11.531250,10.990147,1174600
1998-03-10,11.750000,11.750000,11.375000,11.625000,11.079498,1017600
1998-03-11,11.656250,12.187500,11.656250,12.031250,11.466685,695400
1998-03-12,12.187500,12.312500,12.000000,12.000000,11.436900,761400
1998-03-13,12.125000,12.250000,11.968750,12.062500,11.496469,260400
1998-03-16,12.062500,12.437500,12.062500,12.375000,11.794303,587800
1998-03-17,12.375000,12.375000,11.875000,12.187500,11.615602,666600
1998-03-18,12.000000,12.125000,11.375000,11.500000,10.960364,1507200
1998-03-19,11.750000,11.906250,11.531250,11.781250,11.228415,524200
1998-03-20,11.781250,11.875000,11.062500,11.062500,10.543395,935600
1998-03-23,11.187500,11.187500,10.750000,10.843750,10.334908,1515200
1998-03-24,10.875000,10.875000,10.718750,10.875000,10.364691,1206200
1998-03-25,11.000000,11.500000,11.000000,11.250000,10.722095,815800
1998-03-26,11.312500,11.312500,10.937500,11.062500,10.543395,642400
1998-03-27,11.218750,11.250000,10.781250,10.875000,10.364691,737800
1998-03-30,10.875000,10.968750,10.625000,10.625000,10.126422,303800
1998-03-31,10.750000,11.062500,10.750000,10.875000,10.364691,452200
1998-04-01,10.968750,11.937500,10.812500,11.875000,11.317767,2564200
1998-04-02,11.937500,12.406250,11.562500,11.875000,11.317767,1867800
1998-04-03,11.000000,11.125000,10.312500,10.375000,9.888154,3654800
1998-04-06,10.375000,10.718750,10.250000,10.500000,10.007288,1344000
1998-04-07,10.312500,10.375000,9.937500,10.312500,9.828588,959600
1998-04-08,10.375000,10.375000,9.875000,9.937500,9.471185,543200
1998-04-09,10.187500,10.312500,9.906250,10.000000,9.530750,1235200
1998-04-13,10.000000,10.156250,9.937500,9.937500,9.471185,295200
1998-04-14,10.000000,10.718750,9.937500,10.687500,10.185991,694000
1998-04-15,10.750000,10.937500,10.562500,10.687500,10.185991,543200
1998-04-16,10.625000,10.906250,10.437500,10.812500,10.305123,621400
1998-04-17,11.062500,11.250000,10.500000,10.750000,10.245559,921000
1998-04-20,10.750000,11.375000,10.750000,11.312500,10.781663,897400
1998-04-21,11.375000,11.625000,11.250000,11.562500,11.019930,830200
1998-04-22,11.625000,11.750000,11.375000,11.468750,10.930580,726000
1998-04-23,11.500000,11.750000,10.750000,10.750000,10.245559,789400
1998-04-24,10.812500,11.312500,10.687500,11.250000,10.722095,640800
1998-04-27,11.000000,11.250000,10.375000,10.562500,10.066855,593800
1998-04-28,10.718750,10.937500,10.312500,10.625000,10.126422,530000
1998-04-29,10.718750,10.718750,10.531250,10.562500,10.066855,144400
1998-04-30,10.625000,10.875000,10.500000,10.750000,10.245559,396200
1998-05-01,10.875000,10.875000,10.562500,10.562500,10.066855,484800
1998-05-04,10.687500,10.750000,10.312500,10.375000,9.888154,610000
1998-05-05,10.375000,10.437500,9.875000,10.031250,9.560533,2811800
1998-05-06,10.187500,10.312500,10.000000,10.000000,9.530750,805800
1998-05-07,10.125000,10.125000,9.906250,10.031250,9.560533,731800
1998-05-08,10.093750,10.312500,9.968750,10.031250,9.560533,668400
1998-05-11,10.156250,10.156250,9.843750,9.875000,9.411617,500200
1998-05-12,9.937500,9.937500,9.593750,9.781250,9.322268,1106600
1998-05-13,9.750000,9.968750,9.718750,9.843750,9.381832,647000
1998-05-14,9.812500,9.812500,9.562500,9.562500,9.113781,432000
1998-05-15,9.687500,9.687500,9.250000,9.375000,8.935079,539000
1998-05-18,9.375000,9.375000,9.125000,9.250000,8.815944,351800
1998-05-19,9.187500,9.250000,9.000000,9.187500,8.756379,357800
1998-05-20,9.187500,9.562500,9.062500,9.062500,8.637241,612000
1998-05-21,9.062500,9.187500,8.937500,9.031250,8.607460,406600
1998-05-22,9.000000,9.093750,8.750000,8.906250,8.488325,331200
1998-05-26,9.000000,9.250000,8.937500,9.062500,8.637241,312600
1998-05-27,9.000000,9.187500,8.750000,9.187500,8.756379,764600
1998-05-28,9.250000,9.437500,9.125000,9.218750,8.786161,853600
1998-05-29,9.343750,9.343750,8.562500,8.562500,8.160706,1222600
1998-06-01,8.625000,8.875000,8.562500,8.625000,8.220272,595800
1998-06-02,8.656250,9.000000,8.625000,9.000000,8.577676,649800
1998-06-03,9.000000,9.093750,8.562500,8.562500,8.160706,376800
1998-06-04,8.750000,8.750000,8.187500,8.406250,8.011787,934000
1998-06-05,8.562500,8.625000,8.375000,8.531250,8.130922,610800
1998-06-08,8.625000,8.625000,8.437500,8.437500,8.041572,376400
1998-06-09,8.625000,8.781250,8.250000,8.625000,8.220272,1207400
1998-06-10,8.687500,8.687500,8.375000,8.468750,8.071355,1091800
1998-06-11,8.406250,8.437500,7.937500,8.031250,7.654385,1234400
1998-06-12,7.937500,7.968750,7.375000,7.937500,7.565033,1388200
1998-06-15,8.000000,8.406250,7.437500,7.562500,7.207630,1355800
1998-06-16,7.875000,8.250000,7.812500,7.812500,7.445900,1193200
1998-06-17,7.015625,7.375000,6.937500,7.156250,6.820444,4726200
1998-06-18,7.125000,7.375000,7.125000,7.156250,6.820444,790800
1998-06-19,7.250000,7.250000,7.125000,7.125000,6.790660,617600
1998-06-22,7.156250,7.812500,7.156250,7.812500,7.445900,673400
1998-06-23,7.812500,8.312500,7.812500,8.187500,7.803303,1051200
1998-06-24,8.312500,8.468750,8.062500,8.375000,7.982004,823600
1998-06-25,8.500000,8.906250,7.875000,7.906250,7.535249,1583800
1998-06-26,8.062500,8.312500,8.031250,8.312500,7.922436,441000
1998-06-29,8.375000,8.562500,8.062500,8.250000,7.862870,616800
1998-06-30,8.062500,8.500000,7.812500,8.500000,8.101139,633400
1998-07-01,8.500000,8.937500,8.500000,8.718750,8.309624,981400
1998-07-02,8.625000,8.750000,8.125000,8.281250,7.892653,546000
1998-07-06,8.250000,8.375000,7.875000,8.000000,7.624600,416800
1998-07-07,8.062500,8.156250,7.937500,8.156250,7.773520,979800
1998-07-08,8.218750,8.218750,7.875000,8.000000,7.624600,1154200
1998-07-09,8.062500,8.062500,7.812500,7.875000,7.505466,394200
1998-07-10,7.843750,7.937500,7.656250,7.750000,7.386332,608400
1998-07-13,7.750000,7.750000,7.000000,7.250000,6.909795,1812800
1998-07-14,7.281250,7.375000,6.968750,7.031250,6.701310,2382400
1998-07-15,7.062500,7.750000,7.031250,7.750000,7.386332,1267000
1998-07-16,7.843750,8.125000,7.656250,7.718750,7.356548,814600
1998-07-17,7.687500,8.031250,7.437500,7.875000,7.505466,1323200
1998-07-20,7.937500,8.000000,7.781250,7.906250,7.535249,248400
1998-07-21,7.968750,8.125000,7.843750,7.843750,7.475683,652400
1998-07-22,7.250000,7.843750,7.187500,7.343750,6.999145,1320600
1998-07-23,7.281250,7.656250,7.250000,7.500000,7.148064,435800
1998-07-24,7.500000,7.625000,7.062500,7.140625,6.805552,2781800
1998-07-27,7.156250,7.187500,7.000000,7.000000,6.671525,581000
1998-07-28,7.125000,7.500000,6.750000,7.062500,6.731092,1350000
1998-07-29,7.125000,7.187500,6.812500,6.812500,6.492825,1671000
1998-07-30,6.812500,7.312500,6.812500,7.000000,6.671525,1076400
1998-07-31,7.000000,7.500000,7.000000,7.125000,6.790660,1117200
1998-08-03,7.093750,7.125000,6.968750,7.000000,6.671525,207000
1998-08-04,7.156250,7.187500,6.781250,6.812500,6.492825,647200
1998-08-05,6.812500,7.156250,6.750000,7.062500,6.731092,718200
1998-08-06,7.062500,7.875000,6.937500,7.812500,7.445900,1428400
1998-08-07,7.906250,8.875000,7.906250,8.562500,8.160706,1970600
1998-08-10,8.406250,8.500000,7.812500,7.812500,7.445900,921800
1998-08-11,7.500000,7.781250,7.500000,7.781250,7.416115,545600
1998-08-12,7.937500,8.281250,7.875000,8.000000,7.624600,756400
1998-08-13,8.125000,8.562500,8.000000,8.500000,8.101139,3420400
1998-08-14,8.562500,8.968750,8.500000,8.781250,8.369190,2151600
1998-08-17,8.750000,8.937500,8.625000,8.750000,8.339407,1438400
1998-08-18,8.937500,9.625000,8.937500,9.312500,8.875513,1523000
1998-08-19,9.562500,9.750000,9.062500,9.343750,8.905295,1066000
1998-08-20,9.125000,9.218750,8.656250,8.937500,8.518109,1194200
1998-08-21,8.750000,8.781250,8.281250,8.562500,8.160706,722200
1998-08-24,8.625000,9.062500,8.468750,8.500000,8.101139,481000
1998-08-25,8.625000,8.812500,8.375000,8.437500,8.041572,338000
1998-08-26,8.125000,8.187500,7.375000,7.531250,7.177847,1456600
1998-08-27,7.375000,7.375000,6.812500,7.031250,6.701310,2004400
1998-08-28,7.187500,7.250000,6.656250,6.687500,6.373689,1120000
1998-08-31,6.875000,6.968750,6.375000,6.468750,6.165205,719400
1998-09-01,6.625000,6.875000,6.125000,6.281250,5.986503,1355800
1998-09-02,6.625000,6.625000,6.187500,6.250000,5.956720,1236400
1998-09-03,6.250000,6.312500,6.062500,6.093750,5.807801,511800
1998-09-04,6.187500,6.250000,5.750000,5.937500,5.658884,643400
1998-09-08,6.375000,6.375000,6.125000,6.218750,5.926936,760400
1998-09-09,6.250000,6.375000,6.031250,6.062500,5.778018,429000
1998-09-10,5.937500,6.062500,5.812500,5.906250,5.629100,278400
1998-09-11,6.093750,7.000000,6.093750,7.000000,6.671525,1401200
1998-09-14,7.187500,7.468750,6.906250,7.093750,6.760877,1031800
1998-09-15,7.125000,7.125000,6.812500,6.937500,6.611959,493000
1998-09-16,6.937500,7.062500,6.875000,7.000000,6.671525,340600
1998-09-17,6.812500,6.937500,6.656250,6.875000,6.552392,208400
1998-09-18,6.906250,6.937500,6.625000,6.718750,6.403473,729600
1998-09-21,6.500000,7.156250,6.375000,7.000000,6.671525,721800
1998-09-22,7.000000,7.328125,7.000000,7.187500,6.850227,228000
1998-09-23,7.250000,7.312500,7.000000,7.187500,6.850227,251800
1998-09-24,7.000000,7.468750,6.750000,6.843750,6.522607,348400
1998-09-25,6.843750,7.062500,6.781250,7.000000,6.671525,183600
1998-09-28,7.000000,7.406250,6.906250,6.937500,6.611959,315200
1998-09-29,7.000000,7.000000,6.812500,6.843750,6.522607,69000
1998-09-30,6.781250,7.000000,6.687500,6.812500,6.492825,125400
1998-10-01,6.562500,6.812500,6.375000,6.625000,6.314122,302600
1998-10-02,6.687500,6.718750,6.437500,6.468750,6.165205,275600
1998-10-05,6.281250,6.312500,5.781250,6.125000,5.837584,474600
1998-10-06,6.312500,6.406250,5.937500,5.968750,5.688667,375000
1998-10-07,6.031250,6.031250,4.812500,5.187500,4.944077,1764400
1998-10-08,5.000000,5.562500,4.687500,5.187500,4.944077,1066600
1998-10-09,5.281250,5.875000,5.250000,5.781250,5.509965,510000
1998-10-12,5.875000,6.718750,5.843750,6.187500,5.897151,1469400
1998-10-13,6.125000,6.218750,5.593750,5.750000,5.480182,546400
1998-10-14,5.781250,6.250000,5.750000,6.125000,5.837584,411400
1998-10-15,6.062500,6.500000,5.937500,6.218750,5.926936,501800
1998-10-16,6.187500,6.250000,5.875000,6.000000,5.718450,348800
1998-10-19,6.000000,6.125000,5.812500,6.000000,5.718450,381200
1998-10-20,6.062500,7.187500,6.062500,6.562500,6.254556,1755800
1998-10-21,6.875000,7.156250,6.437500,7.031250,6.701310,737200
1998-10-22,7.218750,8.000000,7.031250,7.937500,7.565033,1343200
1998-10-23,7.781250,8.617188,7.531250,7.562500,7.207630,1639800
1998-10-26,7.875000,8.375000,7.781250,8.218750,7.833086,1476200
1998-10-27,8.437500,8.500000,7.843750,8.000000,7.624600,1026400
1998-10-28,7.843750,8.250000,7.562500,8.125000,7.743735,824400
1998-10-29,8.250000,8.625000,8.000000,8.500000,8.101139,1157400
1998-10-30,8.625000,8.625000,8.125000,8.156250,7.773520,624600
1998-11-02,8.187500,8.187500,7.906250,8.031250,7.654385,464600
1998-11-03,8.000000,8.000000,7.625000,7.781250,7.416115,431600
1998-11-04,7.843750,8.250000,7.718750,7.812500,7.445900,1009000
1998-11-05,7.843750,8.000000,7.625000,7.937500,7.565033,440200
1998-11-06,7.906250,8.375000,7.906250,8.187500,7.803303,748800
1998-11-09,8.156250,8.218750,8.000000,8.000000,7.624600,555200
1998-11-10,8.000000,8.187500,7.875000,7.906250,7.535249,405400
1998-11-11,8.281250,8.593750,8.218750,8.359375,7.967113,1263200
1998-11-12,8.406250,8.906250,8.312500,8.625000,8.220272,1221600
1998-11-13,8.812500,8.812500,8.125000,8.250000,7.862870,1014000
1998-11-16,8.187500,8.562500,8.187500,8.375000,7.982004,1057200
1998-11-17,8.312500,8.593750,8.187500,8.500000,8.101139,561000
1998-11-18,8.531250,8.843750,8.343750,8.492188,8.093693,897600
1998-11-19,8.468750,8.843750,8.375000,8.718750,8.309624,773800
1998-11-20,8.750000,9.062500,8.625000,9.000000,8.577676,1126800
1998-11-23,9.125000,9.437500,9.125000,9.281250,8.845729,1131200
1998-11-24,9.187500,9.218750,8.687500,8.687500,8.279840,850000
1998-11-25,8.781250,9.000000,8.562500,8.843750,8.428758,384800
1998-11-27,8.968750,9.093750,8.968750,9.000000,8.577676,172400
1998-11-30,9.000000,9.000000,8.500000,8.531250,8.130922,311200
1998-12-01,8.468750,8.500000,8.312500,8.375000,7.982004,317600
1998-12-02,8.437500,9.156250,8.312500,9.000000,8.577676,640200
1998-12-03,8.875000,10.312500,8.625000,9.468750,9.024430,3062000
1998-12-04,9.937500,10.718750,9.750000,10.093750,9.620101,1935000
1998-12-07,10.000000,10.718750,9.875000,10.156250,9.679669,765000
1998-12-08,10.187500,10.937500,10.125000,10.562500,10.066855,1332600
1998-12-09,10.687500,10.750000,10.375000,10.406250,9.917937,683400
1998-12-10,10.312500,10.343750,9.750000,9.812500,9.352048,767200
1998-12-11,9.250000,9.250000,8.687500,8.781250,8.369190,1110800
1998-12-14,8.812500,8.875000,7.937500,8.062500,7.684168,1612400
1998-12-15,8.062500,8.812500,7.968750,8.812500,8.398973,965800
1998-12-16,8.750000,8.812500,8.140625,8.375000,7.982004,422600
1998-12-17,8.375000,8.734375,8.375000,8.687500,8.279840,452600
1998-12-18,8.687500,9.406250,8.625000,9.187500,8.756379,1067000
1998-12-21,9.281250,9.468750,9.125000,9.250000,8.815944,483000
1998-12-22,9.000000,9.218750,8.875000,9.062500,8.637241,428200
1998-12-23,9.281250,9.500000,9.000000,9.062500,8.637241,550800
1998-12-24,9.062500,9.125000,8.718750,8.718750,8.309624,273600
1998-12-28,8.687500,9.000000,8.437500,8.687500,8.279840,633200
1998-12-29,8.625000,8.687500,8.406250,8.437500,8.041572,225200
1998-12-30,8.406250,8.843750,8.406250,8.562500,8.160706,396000
1998-12-31,8.750000,8.875000,8.500000,8.875000,8.458542,287200
1999-01-04,8.906250,9.375000,8.812500,8.906250,8.488325,608800
1999-01-05,8.906250,10.500000,8.812500,10.187500,9.709452,2361000
1999-01-06,10.437500,11.093750,10.312500,10.937500,10.424258,2279800
1999-01-07,10.687500,11.843750,10.562500,11.375000,10.841228,2074400
1999-01-08,11.593750,12.562500,11.593750,11.875000,11.317767,2795800
1999-01-11,12.000000,12.000000,11.187500,11.500000,10.960364,574600
1999-01-12,11.375000,11.406250,10.593750,10.750000,10.245559,782400
1999-01-13,10.156250,11.062500,9.812500,10.937500,10.424258,2520000
1999-01-14,11.000000,11.000000,10.562500,10.718750,10.215774,749600
1999-01-15,10.750000,11.187500,10.750000,11.062500,10.543395,639200
1999-01-19,11.125000,11.250000,10.375000,10.437500,9.947721,1036600
1999-01-20,10.750000,11.437500,10.500000,10.687500,10.185991,1873000
1999-01-21,10.500000,10.687500,10.250000,10.500000,10.007288,406600
1999-01-22,10.250000,11.625000,10.250000,11.375000,10.841228,2357600
1999-01-25,11.250000,11.812500,10.812500,10.843750,10.334908,2334000
1999-01-26,11.250000,13.531250,11.062500,13.437500,12.806946,5931200
1999-01-27,13.625000,14.125000,13.062500,13.500000,12.866514,2876000
1999-01-28,13.500000,13.812500,13.062500,13.343750,12.717596,1256200
1999-01-29,13.312500,14.562500,13.000000,14.500000,13.819590,1688000
1999-02-01,14.750000,14.750000,13.625000,14.093750,13.432402,718200
1999-02-02,13.562500,14.000000,12.937500,14.000000,13.343050,952000
1999-02-03,13.781250,16.156250,13.781250,16.062500,15.308769,2903400
1999-02-04,15.781250,16.593750,14.250000,14.250000,13.581320,3007200
1999-02-05,14.312500,15.562500,14.250000,14.687500,13.998290,2003600
1999-02-08,15.625000,16.031250,15.000000,15.375000,14.653530,2095600
1999-02-09,15.375000,15.437500,14.437500,14.687500,13.998290,963400
1999-02-10,14.625000,14.968750,14.000000,14.437500,13.760022,1199800
1999-02-11,14.500000,15.500000,14.375000,15.187500,14.474828,956600
1999-02-12,14.843750,15.437500,14.718750,15.187500,14.474828,751800
1999-02-16,15.468750,15.875000,15.187500,15.562500,14.832231,1454600
1999-02-17,15.437500,16.250000,15.437500,15.718750,14.981150,1746200
1999-02-18,15.718750,15.812500,15.000000,15.343750,14.623747,1224800
1999-02-19,15.343750,15.812500,15.187500,15.750000,15.010932,820000
1999-02-22,15.625000,16.750000,15.625000,16.750000,15.964007,1189200
1999-02-23,16.843750,17.437500,16.507813,16.687500,15.904442,1561800
1999-02-24,16.562500,17.625000,16.500000,16.500000,15.725739,928800
1999-02-25,16.500000,16.531250,14.375000,14.437500,13.760022,1527800
1999-02-26,14.531250,14.562500,12.312500,12.687500,12.092140,2991000
1999-03-01,12.531250,13.437500,11.812500,12.968750,12.360191,2206200
1999-03-02,13.375000,13.500000,12.687500,12.812500,12.211274,866600
1999-03-03,12.812500,13.062500,12.187500,12.437500,11.853872,1206400
1999-03-04,12.406250,12.937500,12.250000,12.625000,12.032574,771400
1999-03-05,13.000000,13.218750,12.656250,12.781250,12.181493,860400
1999-03-08,12.781250,13.375000,12.781250,13.062500,12.449544,725800
1999-03-09,13.000000,13.750000,12.250000,12.468750,11.883656,1434400
1999-03-10,12.562500,12.875000,12.125000,12.812500,12.211274,1375800
1999-03-11,12.812500,12.937500,11.593750,11.937500,11.377335,959800
1999-03-12,11.937500,12.000000,11.062500,11.406250,10.871012,1175200
1999-03-15,11.062500,11.718750,10.750000,11.718750,11.168848,719000
1999-03-16,11.937500,12.687500,11.843750,12.437500,11.853872,1017800
1999-03-17,12.562500,12.687500,11.875000,12.250000,11.675169,591000
1999-03-18,12.062500,12.562500,12.000000,12.312500,11.734736,428000
1999-03-19,12.562500,12.937500,11.562500,11.687500,11.139065,1592600
1999-03-22,11.875000,12.000000,11.750000,11.812500,11.258200,405200
1999-03-23,11.687500,12.000000,11.375000,11.562500,11.019930,753400
1999-03-24,11.593750,12.125000,11.500000,12.062500,11.496469,582400
1999-03-25,12.125000,12.625000,11.812500,11.906250,11.347550,499800
1999-03-26,12.000000,12.062500,11.625000,11.656250,11.109282,407000
1999-03-29,11.687500,13.625000,11.625000,13.000000,12.389977,920600
1999-03-30,13.000000,13.531250,12.625000,13.187500,12.568678,429600
1999-03-31,12.968750,13.250000,12.437500,12.625000,12.032574,880600
1999-04-01,12.593750,12.812500,12.406250,12.562500,11.973006,359000
1999-04-05,12.843750,13.125000,12.718750,12.843750,12.241058,333000
1999-04-06,12.781250,13.250000,12.750000,12.937500,12.330409,538400
1999-04-07,13.000000,13.125000,12.625000,12.750000,12.151708,336200
1999-04-08,12.812500,13.000000,12.312500,12.500000,11.913440,206200
1999-04-09,12.500000,12.718750,12.312500,12.593750,12.002789,699800
1999-04-12,12.375000,12.531250,11.625000,11.750000,11.198633,693800
1999-04-13,11.750000,11.937500,10.500000,10.843750,10.334908,1071400
1999-04-14,11.062500,11.718750,10.625000,10.687500,10.185991,867600
1999-04-15,10.875000,11.562500,10.687500,11.500000,10.960364,396800
1999-04-16,11.500000,11.531250,11.062500,11.375000,10.841228,240600
1999-04-19,11.468750,11.875000,10.625000,10.937500,10.424258,601600
1999-04-20,10.968750,11.125000,10.500000,10.875000,10.364691,371200
1999-04-21,11.125000,13.062500,11.125000,12.875000,12.270842,1751000
1999-04-22,13.375000,13.906250,13.250000,13.875000,13.223917,938000
1999-04-23,13.562500,13.906250,13.000000,13.187500,12.568678,499600
1999-04-26,12.937500,13.375000,12.750000,12.750000,12.151708,379000
1999-04-27,13.250000,13.687500,12.937500,13.281250,12.658029,584400
1999-04-28,13.156250,14.500000,12.937500,14.062500,13.402619,1459400
1999-04-29,12.687500,12.687500,11.500000,11.812500,11.258200,1977000
1999-04-30,11.750000,11.875000,10.812500,11.437500,10.900797,685400
1999-05-03,11.562500,11.687500,10.875000,10.906250,10.394476,961800
1999-05-04,10.875000,11.125000,10.750000,10.828125,10.320016,508000
1999-05-05,10.718750,10.812500,10.125000,10.562500,10.066855,1992200
1999-05-06,10.875000,11.125000,10.375000,10.625000,10.126422,646800
1999-05-07,10.687500,11.000000,10.375000,10.625000,10.126422,526400
1999-05-10,10.562500,11.000000,10.250000,10.875000,10.364691,500600
1999-05-11,10.750000,10.937500,10.500000,10.687500,10.185991,152600
1999-05-12,10.625000,10.781250,10.437500,10.750000,10.245559,588000
1999-05-13,10.812500,12.000000,10.750000,11.562500,11.019930,1430600
1999-05-14,11.500000,11.562500,10.843750,11.187500,10.662527,474200
1999-05-17,11.000000,11.062500,10.750000,11.000000,10.483826,214000
1999-05-18,11.093750,11.437500,10.875000,11.000000,10.483826,401600
1999-05-19,11.531250,12.062500,11.093750,11.312500,10.781663,685200
1999-05-20,11.375000,11.500000,10.937500,10.937500,10.424258,527600
1999-05-21,11.125000,11.250000,11.000000,11.156250,10.632744,213400
1999-05-24,11.000000,11.218750,10.375000,10.437500,9.947721,360400
1999-05-25,10.312500,10.500000,9.625000,9.781250,9.322268,445000
1999-05-26,10.031250,10.281250,9.500000,10.125000,9.649886,281600
1999-05-27,9.687500,10.875000,9.687500,10.062500,9.590320,424400
1999-05-28,10.281250,10.625000,10.250000,10.562500,10.066855,326200
1999-06-01,10.593750,11.125000,10.312500,10.937500,10.424258,328800
1999-06-02,11.000000,11.468750,10.562500,11.031250,10.513611,499400
1999-06-03,11.187500,11.187500,10.875000,10.875000,10.364691,188400
1999-06-04,10.937500,11.312500,10.937500,11.093750,10.573176,270800
1999-06-07,11.187500,11.625000,11.093750,11.500000,10.960364,1209000
1999-06-08,11.687500,11.687500,11.062500,11.125000,10.602961,228800
1999-06-09,11.375000,12.375000,11.218750,12.281250,11.704953,736200
1999-06-10,12.062500,12.718750,12.000000,12.656250,12.062357,596800
1999-06-11,12.750000,12.750000,11.812500,12.062500,11.496469,366600
1999-06-14,11.968750,12.031250,11.500000,11.656250,11.109282,311000
1999-06-15,11.687500,12.562500,11.562500,12.343750,11.764521,405000
1999-06-16,12.625000,13.125000,12.593750,12.906250,12.300626,1361800
1999-06-17,12.906250,12.906250,12.187500,12.437500,11.853872,312200
1999-06-18,12.500000,12.812500,12.468750,12.562500,11.973006,314200
1999-06-21,12.500000,12.906250,12.312500,12.875000,12.270842,600800
1999-06-22,12.750000,12.968750,12.468750,12.937500,12.330409,409400
1999-06-23,12.968750,12.968750,12.125000,12.562500,11.973006,617200
1999-06-24,12.500000,12.937500,12.062500,12.312500,11.734736,367800
1999-06-25,12.250000,12.375000,11.812500,12.031250,11.466685,309600
1999-06-28,11.937500,12.281250,11.906250,12.125000,11.556035,247800
1999-06-29,12.125000,13.656250,12.000000,13.500000,12.866514,1088000
1999-06-30,13.625000,13.687500,13.125000,13.406250,12.777162,401800
1999-07-01,13.500000,13.875000,13.312500,13.781250,13.134565,471400
1999-07-02,13.656250,13.750000,13.343750,13.500000,12.866514,116200
1999-07-06,13.625000,14.156250,13.500000,14.062500,13.402619,564000
1999-07-07,13.812500,14.000000,13.500000,13.781250,13.134565,321800
1999-07-08,13.875000,14.187500,13.562500,13.812500,13.164350,213200
1999-07-09,13.875000,14.000000,13.343750,13.500000,12.866514,225400
1999-07-12,13.625000,14.343750,13.562500,14.218750,13.551537,432600
1999-07-13,14.062500,14.062500,13.500000,13.500000,12.866514,126400
1999-07-14,13.750000,14.437500,13.625000,14.250000,13.581320,449800
1999-07-15,14.375000,14.500000,13.937500,14.093750,13.432402,263800
1999-07-16,13.906250,14.250000,13.562500,14.218750,13.551537,505600
1999-07-19,14.218750,14.500000,13.937500,14.093750,13.432402,671000
1999-07-20,13.937500,14.125000,12.812500,12.937500,12.330409,571000
1999-07-21,13.187500,13.250000,12.156250,12.437500,11.853872,899000
1999-07-22,12.500000,12.625000,11.500000,11.843750,11.287983,665200
1999-07-23,11.812500,12.250000,11.781250,12.218750,11.645388,535600
1999-07-26,12.109375,12.718750,11.781250,11.937500,11.377335,483600
1999-07-27,12.218750,13.062500,12.218750,12.843750,12.241058,847600
1999-07-28,12.843750,12.875000,12.437500,12.812500,12.211274,371200
1999-07-29,12.562500,12.750000,11.937500,12.187500,11.615602,368800
1999-07-30,12.187500,12.656250,12.062500,12.312500,11.734736,413000
1999-08-02,12.187500,12.750000,12.187500,12.625000,12.032574,504600
1999-08-03,12.625000,12.687500,12.343750,12.687500,12.092140,410800
1999-08-04,12.437500,12.812500,12.250000,12.281250,11.704953,221800
1999-08-05,12.250000,12.500000,12.125000,12.312500,11.734736,224600
1999-08-06,12.312500,12.875000,12.312500,12.468750,11.883656,307800
1999-08-09,12.531250,13.187500,12.531250,12.718750,12.121923,285600
1999-08-10,12.687500,13.093750,12.250000,12.500000,11.913440,680000
1999-08-11,12.625000,13.562500,12.562500,13.562500,12.926081,2089800
1999-08-12,13.625000,13.625000,12.906250,12.968750,12.360191,674000
1999-08-13,13.093750,13.187500,12.531250,12.687500,12.092140,512200
1999-08-16,12.687500,12.968750,12.343750,12.437500,11.853872,362000
1999-08-17,12.468750,12.562500,12.187500,12.406250,11.824088,602400
1999-08-18,12.312500,12.359375,11.593750,11.687500,11.139065,517200
1999-08-19,11.656250,11.656250,11.125000,11.437500,10.900797,851800
1999-08-20,11.437500,11.750000,11.375000,11.687500,11.139065,472200
1999-08-23,11.562500,11.968750,11.500000,11.875000,11.317767,459800
1999-08-24,11.859375,12.125000,11.687500,11.875000,11.317767,582600
1999-08-25,11.968750,12.187500,11.656250,11.750000,11.198633,576000
1999-08-26,11.562500,11.750000,11.312500,11.343750,10.811447,681800
1999-08-27,11.468750,11.625000,11.093750,11.156250,10.632744,670600
1999-08-30,11.000000,11.218750,10.187500,10.281250,9.798803,1363600
1999-08-31,10.250000,10.375000,9.562500,10.281250,9.798803,2454200
1999-09-01,10.343750,10.625000,10.125000,10.312500,9.828588,863200
1999-09-02,10.031250,10.250000,9.906250,10.125000,9.649886,807000
1999-09-03,10.343750,11.250000,10.343750,11.156250,10.632744,1232400
1999-09-07,11.156250,11.562500,11.125000,11.406250,10.871012,803400
1999-09-08,11.343750,11.625000,11.125000,11.250000,10.722095,684600
1999-09-09,11.250000,11.375000,11.062500,11.375000,10.841228,390400
1999-09-10,11.500000,11.937500,11.500000,11.781250,11.228415,486200
1999-09-13,12.000000,12.000000,11.187500,11.281250,10.751879,384800
1999-09-14,11.500000,12.531250,11.468750,12.500000,11.913440,1452000
1999-09-15,12.625000,13.312500,12.593750,12.875000,12.270842,2614600
1999-09-16,12.875000,13.437500,12.812500,13.343750,12.717596,1024600
1999-09-17,13.500000,13.625000,13.250000,13.406250,12.777162,978800
1999-09-20,13.406250,13.562500,13.062500,13.312500,12.687813,806200
1999-09-21,13.375000,13.500000,13.093750,13.250000,12.628244,684600
1999-09-22,13.250000,13.375000,12.875000,13.156250,12.538895,767200
1999-09-23,13.218750,13.250000,12.031250,12.062500,11.496469,678600
1999-09-24,12.062500,12.125000,11.281250,11.468750,10.930580,955800
1999-09-27,11.687500,12.375000,11.500000,12.125000,11.556035,1461800
1999-09-28,12.062500,13.000000,11.875000,12.937500,12.330409,641800
1999-09-29,12.812500,12.968750,12.562500,12.687500,12.092140,444800
1999-09-30,12.640625,12.656250,12.093750,12.156250,11.585819,346600
1999-10-01,12.281250,12.656250,12.156250,12.171875,11.600711,229200
1999-10-04,12.265625,12.593750,12.125000,12.500000,11.913440,228400
1999-10-05,12.468750,13.000000,12.468750,12.687500,12.092140,754000
1999-10-06,12.750000,13.312500,12.750000,13.062500,12.449544,915400
1999-10-07,13.218750,13.218750,12.437500,12.500000,11.913440,417400
1999-10-08,13.093750,13.218750,12.531250,13.218750,12.598462,650600
1999-10-11,13.250000,13.843750,13.187500,13.687500,13.045215,805200
1999-10-12,14.000000,14.656250,13.968750,14.000000,13.343050,1615800
1999-10-13,13.812500,13.812500,12.625000,12.875000,12.270842,1382800
1999-10-14,13.062500,13.187500,12.843750,12.968750,12.360191,706400
1999-10-15,12.437500,12.906250,12.375000,12.656250,12.062357,536600
1999-10-18,12.500000,12.718750,12.031250,12.250000,11.675169,452800
1999-10-19,12.437500,12.687500,11.968750,12.187500,11.615602,382600
1999-10-20,12.312500,12.500000,11.750000,12.000000,11.436900,911400
1999-10-21,11.968750,11.968750,11.500000,11.812500,11.258200,544800
1999-10-22,12.000000,12.250000,11.875000,12.000000,11.436900,656800
1999-10-25,12.218750,12.625000,12.031250,12.500000,11.913440,624600
1999-10-26,12.625000,13.062500,12.500000,12.562500,11.973006,876600
1999-10-27,12.703125,12.750000,12.406250,12.562500,11.973006,878000
1999-10-28,12.843750,13.875000,12.781250,13.828125,13.179241,1120800
1999-10-29,14.218750,14.937500,14.218750,14.718750,14.028074,1768800
1999-11-01,14.750000,14.875000,14.375000,14.875000,14.176991,1520000
1999-11-02,15.000000,16.156250,14.968750,16.125000,15.368336,2007200
1999-11-03,16.218750,16.562500,15.875000,16.093750,15.338552,1291000
1999-11-04,16.359375,16.406250,15.625000,16.000000,15.249201,1286000
1999-11-05,16.031250,18.156250,16.031250,17.281250,16.470329,3055600
1999-11-08,17.156250,17.875000,17.000000,17.468750,16.649031,1456200
1999-11-09,18.250000,19.375000,18.187500,19.125000,18.227562,3395800
1999-11-10,18.812500,19.093750,18.312500,18.625000,17.751026,654800
1999-11-11,18.812500,19.000000,18.406250,18.906250,18.019075,910400
1999-11-12,18.875000,18.968750,18.250000,18.500000,17.631887,842800
1999-11-15,18.468750,18.500000,17.437500,17.781250,16.946867,582000
1999-11-16,19.000000,19.000000,18.250000,18.875000,17.989290,1465200
1999-11-17,19.406250,21.093750,19.375000,20.281250,19.329556,4865000
1999-11-18,20.250000,20.250000,18.875000,19.156250,18.257343,1274200
1999-11-19,19.281250,20.125000,19.000000,19.718750,18.793449,811400
1999-11-22,19.750000,19.843750,18.437500,18.718750,17.840378,1201800
1999-11-23,18.687500,19.156250,17.875000,18.031250,17.185135,787000
1999-11-24,18.031250,18.875000,17.812500,18.750000,17.870157,688600
1999-11-26,18.687500,19.687500,18.625000,19.125000,18.227562,301200
1999-11-29,19.062500,19.125000,18.000000,18.125000,17.274483,437400
1999-11-30,17.875000,18.500000,17.625000,17.843750,17.006433,536200
1999-12-01,17.625000,18.062500,17.375000,17.875000,17.036219,1660800
1999-12-02,17.875000,18.875000,17.750000,18.687500,17.810591,976600
1999-12-03,18.937500,19.250000,18.437500,18.593750,17.721239,693400
1999-12-06,18.437500,18.562500,17.843750,18.156250,17.304272,953200
1999-12-07,18.218750,18.218750,17.812500,18.031250,17.185135,1521000
1999-12-08,18.375000,19.000000,18.375000,18.500000,17.631887,1439400
1999-12-09,18.531250,18.750000,18.312500,18.437500,17.572323,1451000
1999-12-10,18.500000,18.531250,17.875000,18.343750,17.482971,528200
1999-12-13,18.312500,18.375000,18.062500,18.125000,17.274483,687600
1999-12-14,18.093750,18.093750,17.250000,17.281250,16.470329,1346200
1999-12-15,17.156250,17.156250,15.750000,16.500000,15.725739,1794400
1999-12-16,16.531250,17.500000,16.531250,17.406250,16.589464,1050000
1999-12-17,17.937500,18.187500,17.601563,17.812500,16.976650,712600
1999-12-20,18.000000,20.062500,17.937500,19.750000,18.823235,3821000
1999-12-21,20.218750,22.625000,20.000000,22.437500,21.384619,5632200
1999-12-22,21.687500,21.937500,20.875000,21.500000,20.491117,2087000
1999-12-23,21.468750,21.718750,21.000000,21.031250,20.044361,859200
1999-12-27,21.156250,21.187500,20.031250,20.656250,19.686958,1034600
1999-12-28,20.500000,21.750000,20.375000,20.718750,19.746523,2285800
1999-12-29,20.750000,20.781250,20.125000,20.500000,19.538038,496400
1999-12-30,20.500000,21.218750,20.437500,20.968750,19.984795,726200
1999-12-31,21.062500,21.750000,21.000000,21.281250,20.282629,317200
2000-01-03,21.750000,21.750000,19.593750,20.781250,19.806089,1303800
2000-01-04,21.843750,22.343750,21.000000,21.468750,20.461332,3568200
2000-01-05,21.531250,21.812500,20.750000,20.968750,19.984795,1793400
2000-01-06,20.968750,21.625000,20.562500,21.343750,20.342196,1465600
2000-01-07,21.750000,23.625000,21.500000,23.625000,22.516399,2235200
2000-01-10,24.125000,25.687500,24.000000,24.093750,22.963154,2658600
2000-01-11,23.937500,24.875000,23.625000,23.781250,22.665318,1233000
2000-01-12,23.500000,24.625000,23.437500,24.250000,23.112070,880000
2000-01-13,24.468750,25.750000,24.406250,25.562500,24.362986,1254200
2000-01-14,25.968750,26.875000,25.687500,25.968750,24.750168,2268600
2000-01-18,26.562500,31.250000,26.531250,30.406250,28.979441,6470600
2000-01-19,30.187500,30.250000,28.562500,29.625000,28.234848,2004400
2000-01-20,29.625000,30.062500,29.125000,29.250000,27.877445,2125200
2000-01-21,29.437500,29.500000,27.781250,28.000000,26.686100,1084800
2000-01-24,28.000000,29.687500,27.625000,27.687500,26.388266,1013800
2000-01-25,27.937500,28.500000,26.750000,28.375000,27.043509,1242000
2000-01-26,28.093750,28.468750,26.687500,27.218750,25.941511,1094600
2000-01-27,27.375000,28.687500,27.000000,27.250000,25.971298,1030400
2000-01-28,27.125000,28.000000,26.625000,26.625000,25.375626,796600
2000-01-31,27.015625,27.187500,24.156250,26.156250,24.928873,1690800
2000-02-01,26.500000,28.187500,25.250000,28.125000,26.805239,834800
2000-02-02,28.218750,29.687500,27.875000,28.500000,27.162640,1895000
2000-02-03,28.843750,29.875000,28.281250,29.625000,28.234848,3320400
2000-02-04,30.406250,31.062500,30.187500,30.500000,29.068789,2882600
2000-02-07,30.968750,32.062500,30.562500,31.968750,30.468618,1597600
2000-02-08,32.468750,32.500000,31.562500,32.062500,30.557970,1730000
2000-02-09,32.218750,33.000000,31.500000,32.937500,31.391909,1086600
2000-02-10,32.750000,35.062500,32.500000,35.062500,33.417202,1438400
2000-02-11,34.500000,34.750000,33.000000,33.031250,31.481266,1823000
2000-02-14,33.250000,33.812500,32.093750,32.687500,31.153643,742000
2000-02-15,32.750000,33.812500,32.562500,33.781250,32.196068,644000
2000-02-16,34.125000,35.250000,33.218750,33.281250,31.719526,720800
2000-02-17,34.062500,34.812500,32.937500,34.500000,32.881088,1258000
2000-02-18,34.250000,34.554688,33.281250,33.531250,31.957796,1097800
2000-02-22,35.125000,36.187500,32.875000,35.375000,33.715031,2228400
2000-02-23,35.687500,37.468750,35.406250,36.937500,35.204205,2030000
2000-02-24,37.312500,38.937500,36.437500,37.281250,35.531834,1689400
2000-02-25,37.500000,37.875000,36.250000,36.625000,34.906380,632600
2000-02-28,36.781250,37.531250,35.000000,37.500000,35.740314,2069000
2000-02-29,37.500000,40.468750,37.484375,39.750000,37.884739,1106800
2000-03-01,40.031250,42.625000,39.781250,40.156250,38.271919,1156600
2000-03-02,40.375000,41.000000,38.562500,39.500000,37.646469,866000
2000-03-03,39.625000,41.250000,39.625000,41.218750,39.284561,834400
2000-03-06,41.625000,43.437500,41.500000,43.000000,40.982235,1280000
2000-03-07,43.375000,43.656250,40.843750,41.093750,39.165428,1479200
2000-03-08,41.125000,41.250000,38.500000,40.093750,38.212353,942200
2000-03-09,39.843750,41.875000,39.843750,41.750000,39.790882,870400
2000-03-10,41.343750,42.875000,40.875000,41.437500,39.493046,874600
2000-03-13,40.000000,41.125000,39.125000,40.093750,38.212353,667400
2000-03-14,40.250000,41.312500,36.812500,37.093750,35.353138,1297000
2000-03-15,37.187500,37.187500,34.187500,35.937500,34.251137,1852600
2000-03-16,36.125000,36.906250,32.750000,35.000000,33.357628,4972000
2000-03-17,35.312500,36.000000,33.562500,35.312500,33.655457,4368800
2000-03-20,36.218750,37.437500,34.500000,34.812500,33.178928,1329400
2000-03-21,34.812500,37.500000,33.750000,36.625000,34.906380,1114400
2000-03-22,36.531250,38.156250,36.375000,38.000000,36.216854,1023400
2000-03-23,37.968750,39.000000,37.687500,38.062500,36.276417,1183200
2000-03-24,38.625000,39.750000,38.593750,39.000000,37.169930,1045400
2000-03-27,39.562500,40.000000,37.875000,38.031250,36.246635,1901200
2000-03-28,38.250000,38.875000,35.625000,36.437500,34.727676,1993800
2000-03-29,36.562500,36.625000,33.250000,33.593750,32.017365,1631000
2000-03-30,32.500000,33.562500,31.750000,32.218750,30.706886,1621800
2000-03-31,32.531250,33.968750,31.164063,32.031250,30.528189,1836600
2000-04-03,30.500000,31.593750,28.000000,28.281250,26.954157,1424200
2000-04-04,28.000000,29.250000,21.500000,27.906250,26.596748,5082000
2000-04-05,27.312500,30.656250,26.500000,29.593750,28.205067,2288800
2000-04-06,30.500000,31.437500,30.000000,30.500000,29.068789,926000
2000-04-07,31.312500,33.437500,30.968750,33.218750,31.659964,1164800
2000-04-10,32.937500,33.343750,30.000000,30.156250,28.741171,1389200
2000-04-11,29.781250,32.312500,28.000000,31.187500,29.724030,1564400
2000-04-12,32.000000,32.937500,30.750000,32.062500,30.557970,4313200
2000-04-13,32.312500,34.625000,31.687500,32.500000,30.974941,2790000
2000-04-14,31.031250,32.718750,28.375000,28.781250,27.430689,2633200
2000-04-17,25.750000,32.500000,25.250000,32.031250,30.528189,2019400
2000-04-18,33.125000,36.093750,31.625000,36.093750,34.400055,2819000
2000-04-19,35.875000,38.500000,34.750000,38.437500,36.633823,3416800
2000-04-20,37.937500,38.343750,35.593750,37.312500,35.561615,1757400
2000-04-24,35.562500,35.562500,33.375000,35.000000,33.357628,1320000
2000-04-25,35.156250,38.500000,35.125000,38.500000,36.693394,1542600
2000-04-26,38.812500,39.250000,36.000000,37.125000,35.382915,1872800
2000-04-27,35.187500,39.125000,34.968750,38.593750,36.782742,1384000
2000-04-28,38.843750,40.250000,38.750000,39.156250,37.318851,1339000
2000-05-01,39.750000,40.312500,39.312500,39.562500,37.706036,1438800
2000-05-02,39.250000,40.218750,38.062500,38.406250,36.604038,1240400
2000-05-03,37.093750,37.187500,32.000000,33.718750,32.136497,2877000
2000-05-04,33.750000,35.750000,32.750000,33.750000,32.166286,1580000
2000-05-05,33.468750,35.437500,33.250000,34.343750,32.732178,1116800
2000-05-08,33.781250,34.250000,32.000000,32.156250,30.647322,590000
2000-05-09,32.375000,33.187500,29.375000,30.343750,28.919874,858000
2000-05-10,30.312500,30.312500,26.750000,27.562500,26.269131,2431400
2000-05-11,28.500000,29.000000,27.000000,28.625000,27.281775,2105000
2000-05-12,29.187500,30.312500,28.031250,28.687500,27.341345,1431000
2000-05-15,28.718750,28.750000,26.375000,27.843750,26.537184,1941600
2000-05-16,28.500000,29.210938,27.843750,28.500000,27.162640,2380600
2000-05-17,28.218750,29.375000,28.000000,28.250000,26.924370,984600
2000-05-18,28.500000,28.500000,26.000000,26.000000,24.779953,2341800
2000-05-19,26.093750,26.093750,23.687500,24.218750,23.082287,1385200
2000-05-22,23.781250,23.843750,20.843750,22.750000,21.682457,3255000
2000-05-23,22.093750,23.000000,21.750000,21.937500,20.908087,3388600
2000-05-24,21.875000,23.562500,19.937500,23.562500,22.456831,3034000
2000-05-25,23.750000,24.750000,21.625000,21.937500,20.908087,1927200
2000-05-26,22.000000,22.687500,21.218750,21.812500,20.788952,1135400
2000-05-30,22.062500,24.937500,22.031250,24.375000,23.231205,1156000
2000-05-31,24.593750,27.000000,24.375000,25.156250,23.975794,2448400
2000-06-01,25.531250,27.250000,25.531250,27.000000,25.733028,1851400
2000-06-02,27.500000,29.625000,27.500000,29.187500,27.817879,1869200
2000-06-05,29.531250,30.062500,28.062500,28.531250,27.192425,1135400
2000-06-06,28.812500,30.156250,27.625000,27.906250,26.596748,1479000
2000-06-07,28.343750,28.937500,27.906250,28.531250,27.192425,1253200
2000-06-08,28.781250,29.625000,28.765625,28.843750,27.490261,749400
2000-06-09,29.750000,29.968750,29.156250,29.343750,27.966793,979200
2000-06-12,29.500000,29.625000,28.250000,28.625000,27.281775,945400
2000-06-13,28.187500,28.875000,27.218750,28.750000,27.400909,1005400
2000-06-14,29.250000,29.843750,28.000000,28.000000,26.686100,761400
2000-06-15,28.343750,29.562500,28.062500,29.125000,27.758310,811200
2000-06-16,29.546875,31.562500,29.312500,29.937500,28.532684,2008800
2000-06-19,29.375000,32.812500,29.375000,32.750000,31.213213,2272000
2000-06-20,32.593750,34.375000,32.562500,34.343750,32.732178,1981400
2000-06-21,33.640625,35.062500,32.406250,33.218750,31.659964,1400800
2000-06-22,33.156250,33.625000,31.500000,31.718750,30.230352,999400
2000-06-23,31.750000,32.625000,31.281250,31.312500,29.843164,637600
2000-06-26,31.640625,31.718750,29.625000,30.000000,28.592255,1788800
2000-06-27,30.625000,31.312500,28.312500,28.750000,27.400909,2160000
2000-06-28,28.937500,31.437500,28.812500,30.406250,28.979441,1700800
2000-06-29,29.843750,30.062500,29.000000,29.343750,27.966793,1008800
2000-06-30,29.484375,30.031250,29.125000,29.687500,28.294415,1075600
2000-07-03,29.546875,30.437500,29.500000,30.406250,28.979441,382200
2000-07-05,29.750000,29.875000,26.000000,26.218750,24.988436,1761000
2000-07-06,26.968750,27.625000,26.500000,27.500000,26.209566,2056400
2000-07-07,27.812500,28.500000,27.437500,27.562500,26.269131,1634000
2000-07-10,27.937500,29.437500,27.906250,29.125000,27.758310,1513400
2000-07-11,29.125000,29.750000,28.312500,28.375000,27.043509,830400
2000-07-12,29.062500,30.000000,28.875000,29.718750,28.324200,694600
2000-07-13,29.937500,30.375000,29.250000,30.031250,28.622034,1062000
2000-07-14,30.500000,32.187500,30.343750,32.093750,30.587753,1131600
2000-07-17,32.218750,33.125000,31.937500,32.531250,31.004725,902400
2000-07-18,32.468750,32.562500,30.250000,30.812500,29.366625,1082600
2000-07-19,30.812500,30.812500,28.500000,28.968750,27.609396,1177200
2000-07-20,30.375000,30.750000,26.000000,26.250000,25.018223,4167000
2000-07-21,26.390625,26.406250,23.031250,23.375000,22.278130,6103000
2000-07-24,23.781250,25.203125,23.375000,24.250000,23.112070,3623000
2000-07-25,25.000000,25.250000,23.843750,24.250000,23.112070,1732200
2000-07-26,24.312500,24.500000,22.156250,24.218750,23.082287,2224200
2000-07-27,23.968750,24.000000,21.250000,21.593750,20.580465,4627400
2000-07-28,22.234375,23.406250,21.250000,22.218750,21.176136,2491200
2000-07-31,22.687500,23.031250,22.000000,22.562500,21.503757,1780400
2000-08-01,22.875000,22.875000,21.750000,22.125000,21.086790,864200
2000-08-02,22.250000,23.000000,21.437500,22.125000,21.086790,828800
2000-08-03,14.250000,17.000000,13.562500,16.625000,15.844872,23567800
2000-08-04,17.187500,17.750000,15.625000,16.500000,15.725739,5617800
2000-08-07,17.000000,17.187500,15.687500,15.875000,15.130067,3259400
2000-08-08,15.875000,15.875000,15.125000,15.437500,14.713097,2047900
2000-08-09,16.062500,16.062500,15.375000,15.562500,14.832231,1838300
2000-08-10,15.718750,15.875000,15.000000,15.187500,14.474828,1227900
2000-08-11,15.125000,15.187500,14.500000,15.125000,14.415260,1559500
2000-08-14,15.093750,16.687500,15.062500,16.562500,15.785305,2372000
2000-08-15,16.812500,17.125000,16.000000,16.187500,15.427903,2838300
2000-08-16,16.312500,16.875000,15.937500,16.125000,15.368336,3179900
2000-08-17,16.250000,16.875000,16.125000,16.687500,15.904442,1584600
2000-08-18,17.000000,18.203125,16.812500,17.875000,17.036219,2001400
2000-08-21,18.968750,19.375000,17.375000,17.687500,16.857515,3462200
2000-08-22,18.937500,18.937500,17.812500,17.875000,17.036219,1924200
2000-08-23,18.000000,19.500000,17.875000,19.375000,18.465828,1489300
2000-08-24,19.718750,19.750000,18.687500,19.000000,18.108427,2140400
2000-08-25,19.187500,19.187500,18.250000,18.750000,17.870157,911700
2000-08-28,18.937500,19.187500,18.687500,19.062500,18.167995,1480700
2000-08-29,19.156250,19.250000,18.437500,19.062500,18.167995,1228900
2000-08-30,19.062500,19.062500,18.500000,18.687500,17.810591,864900
2000-08-31,19.031250,19.125000,18.000000,18.187500,17.334051,1745500
2000-09-01,18.562500,18.875000,18.187500,18.437500,17.572323,1309100
2000-09-05,18.312500,18.437500,16.500000,16.625000,15.844872,4326000
2000-09-06,16.937500,16.937500,16.312500,16.375000,15.606606,1457200
2000-09-07,16.562500,17.187500,16.250000,17.062500,16.261845,2596500
2000-09-08,17.187500,17.187500,15.515625,15.687500,14.951365,3513200
2000-09-11,16.500000,17.250000,16.250000,16.500000,15.725739,3141600
2000-09-12,16.593750,16.625000,15.125000,15.312500,14.593963,3014900
2000-09-13,15.500000,15.562500,14.937500,15.000000,14.296127,2809700
2000-09-14,15.625000,15.625000,15.000000,15.062500,14.355694,2521700
2000-09-15,15.250000,15.250000,14.500000,14.625000,13.938723,1824900
2000-09-18,14.875000,15.000000,14.500000,14.562500,13.879155,1452000
2000-09-19,14.750000,15.875000,14.625000,15.625000,14.891800,1466900
2000-09-20,15.875000,15.875000,14.812500,15.437500,14.713097,1224600
2000-09-21,15.375000,15.375000,14.531250,14.812500,14.117424,1014800
2000-09-22,14.250000,14.500000,13.500000,14.437500,13.760022,2448200
2000-09-25,14.875000,15.000000,13.812500,13.875000,13.223917,1371400
2000-09-26,14.062500,14.250000,13.500000,13.562500,12.926081,1277700
2000-09-27,14.000000,14.125000,13.187500,13.375000,12.747378,1434500
2000-09-28,13.312500,14.125000,13.125000,14.000000,13.343050,1211200
2000-09-29,14.000000,14.000000,13.250000,13.312500,12.687813,1095700
2000-10-02,13.562500,13.937500,13.000000,13.187500,12.568678,1277500
2000-10-03,13.250000,13.625000,12.625000,12.750000,12.151708,1148200
2000-10-04,13.000000,14.375000,12.625000,14.000000,13.343050,2276000
2000-10-05,14.187500,14.250000,13.562500,13.687500,13.045215,1755200
2000-10-06,13.750000,13.937500,13.125000,13.250000,12.628244,1006900
2000-10-09,12.750000,14.187500,12.750000,13.687500,13.045215,1314700
2000-10-10,13.968750,14.000000,12.750000,12.937500,12.330409,1783900
2000-10-11,13.062500,13.437500,12.625000,13.000000,12.389977,1818800
2000-10-12,13.312500,13.437500,12.625000,12.687500,12.092140,1675000
2000-10-13,12.750000,13.812500,12.625000,13.687500,13.045215,1006800
2000-10-16,13.875000,13.875000,13.000000,13.125000,12.509111,628300
2000-10-17,13.062500,13.250000,11.187500,11.812500,11.258200,1829000
2000-10-18,10.750000,13.000000,10.687500,12.000000,11.436900,1423600
2000-10-19,12.937500,14.421875,12.750000,14.375000,13.700455,2225900
2000-10-20,13.968750,14.312500,13.812500,14.000000,13.343050,1152600
2000-10-23,13.812500,14.750000,13.750000,14.500000,13.819590,1360600
2000-10-24,14.500000,14.500000,13.437500,13.562500,12.926081,631400
2000-10-25,13.218750,13.437500,12.500000,12.500000,11.913440,673400
2000-10-26,12.812500,13.250000,12.250000,13.125000,12.509111,1134900
2000-10-27,13.625000,13.750000,12.562500,12.687500,12.092140,1073600
2000-10-30,12.718750,13.750000,12.687500,13.562500,12.926081,941900
2000-10-31,13.375000,15.000000,13.375000,14.687500,13.998290,1072500
2000-11-01,14.125000,14.562500,13.750000,14.312500,13.640887,922200
2000-11-02,14.937500,15.375000,14.750000,14.875000,14.176991,1149400
2000-11-03,11.437500,12.375000,10.875000,11.750000,11.198633,9327200
2000-11-06,11.500000,12.375000,11.500000,11.750000,11.198633,2063600
2000-11-07,11.687500,11.687500,11.250000,11.375000,10.841228,1132000
2000-11-08,11.218750,11.312500,10.875000,10.875000,10.364691,1407700
2000-11-09,10.875000,11.187500,10.625000,10.937500,10.424258,928000
2000-11-10,10.812500,10.875000,10.375000,10.375000,9.888154,779000
2000-11-13,10.281250,11.375000,10.125000,11.187500,10.662527,1188900
2000-11-14,11.000000,11.625000,10.875000,11.250000,10.722095,908200
2000-11-15,11.312500,11.562500,10.875000,11.187500,10.662527,985900
2000-11-16,11.687500,12.125000,11.437500,11.562500,11.019930,1971000
2000-11-17,11.437500,11.500000,10.796875,11.000000,10.483826,740700
2000-11-20,10.875000,11.000000,10.500000,10.625000,10.126422,815000
2000-11-21,10.687500,11.062500,10.500000,10.500000,10.007288,667900
2000-11-22,10.562500,11.000000,10.375000,10.500000,10.007288,640800
2000-11-24,10.750000,10.937500,10.625000,10.812500,10.305123,431800
2000-11-27,11.000000,11.125000,10.375000,10.375000,9.888154,630500
2000-11-28,10.406250,10.437500,9.875000,9.875000,9.411617,1327500
2000-11-29,10.062500,10.125000,9.500000,9.656250,9.203130,979500
2000-11-30,9.250000,9.812500,9.000000,9.343750,8.905295,1495000
2000-12-01,9.562500,9.812500,9.000000,9.250000,8.815944,926900
2000-12-04,9.218750,9.375000,9.000000,9.093750,8.667026,1246200
2000-12-05,9.671875,10.187500,9.375000,10.187500,9.709452,1421500
2000-12-06,10.375000,10.687500,9.625000,9.875000,9.411617,1034900
2000-12-07,9.625000,9.687500,9.250000,9.437500,8.994645,727800
2000-12-08,9.781250,11.062500,9.781250,10.875000,10.364691,2208400
2000-12-11,11.000000,11.750000,10.625000,11.625000,11.079498,1549400
2000-12-12,11.312500,11.937500,10.875000,11.687500,11.139065,826600
2000-12-13,11.656250,11.875000,11.250000,11.562500,11.019930,1885300
2000-12-14,11.500000,11.875000,11.250000,11.515625,10.975256,1501300
2000-12-15,11.218750,11.500000,11.000000,11.250000,10.722095,923300
2000-12-18,11.250000,11.312500,10.625000,10.812500,10.305123,723200
2000-12-19,10.593750,11.812500,10.500000,11.000000,10.483826,1064700
2000-12-20,10.812500,11.000000,10.000000,10.375000,9.888154,927400
2000-12-21,10.375000,10.625000,9.812500,10.312500,9.828588,1052300
2000-12-22,10.187500,10.562500,10.000000,10.375000,9.888154,990900
2000-12-26,10.375000,10.500000,9.968750,10.312500,9.828588,618800
2000-12-27,10.062500,10.937500,10.000000,10.625000,10.126422,1652100
2000-12-28,10.500000,11.062500,10.500000,10.812500,10.305123,1016400
2000-12-29,10.937500,11.500000,10.812500,11.250000,10.722095,1761000
2001-01-02,11.375000,11.750000,11.312500,11.687500,11.139065,957500
2001-01-03,11.437500,13.187500,11.375000,13.062500,12.449544,1782000
2001-01-04,12.937500,13.375000,12.625000,12.687500,12.092140,951100
2001-01-05,12.625000,13.312500,12.625000,12.812500,12.211274,1034000
2001-01-08,13.500000,14.000000,13.000000,13.562500,12.926081,1514500
2001-01-09,13.875000,14.062500,13.437500,13.812500,13.164350,1128200
2001-01-10,13.625000,14.937500,13.000000,14.750000,14.057858,1470900
2001-01-11,14.687500,15.937500,14.312500,15.937500,15.189635,2093500
2001-01-12,15.968750,16.375000,15.375000,15.687500,14.951365,1279400
2001-01-16,14.812500,15.125000,14.500000,14.750000,14.057858,906900
2001-01-17,15.625000,16.187500,15.500000,15.937500,15.189635,1634100
2001-01-18,15.875000,16.500000,15.500000,16.500000,15.725739,1149100
2001-01-19,16.562500,16.625000,15.687500,16.000000,15.249201,1131100
2001-01-22,15.718750,15.812500,15.125000,15.375000,14.653530,549000
2001-01-23,15.125000,15.437500,14.687500,15.437500,14.713097,1132200
2001-01-24,15.937500,16.375000,15.687500,15.937500,15.189635,1789800
2001-01-25,16.500000,16.750000,15.000000,15.187500,14.474828,2064200
2001-01-26,15.375000,15.500000,14.562500,14.625000,13.938723,1362600
2001-01-29,14.312500,15.500000,14.250000,15.500000,14.772663,1349900
2001-01-30,15.687500,16.312500,15.625000,15.625000,14.891800,1054700
2001-01-31,15.687500,17.000000,15.625000,16.687500,15.904442,2178900
2001-02-01,16.500000,16.562500,15.625000,15.875000,15.130067,649800
2001-02-02,15.750000,16.125000,14.750000,15.000000,14.296127,539400
2001-02-05,14.750000,14.812500,13.750000,14.250000,13.581320,543800
2001-02-06,14.062500,14.625000,14.000000,14.312500,13.640887,879700
2001-02-07,14.062500,14.125000,13.625000,14.000000,13.343050,436600
2001-02-08,14.000000,14.500000,13.750000,13.875000,13.223917,392900
2001-02-09,13.875000,14.187500,13.625000,13.687500,13.045215,359200
2001-02-12,13.562500,14.375000,13.562500,14.187500,13.521754,399900
2001-02-13,14.187500,14.562500,13.687500,13.812500,13.164350,387900
2001-02-14,13.437500,15.000000,13.187500,14.562500,13.879155,1040000
2001-02-15,14.968750,15.312500,14.875000,15.000000,14.296127,943000
2001-02-16,14.562500,14.625000,13.500000,13.984375,13.328160,799400
2001-02-20,14.250000,14.375000,13.000000,13.062500,12.449544,682500
2001-02-21,12.937500,13.000000,12.375000,12.750000,12.151708,602700
2001-02-22,12.250000,13.000000,12.000000,12.750000,12.151708,962100
2001-02-23,12.312500,12.812500,11.750000,12.750000,12.151708,788800
2001-02-26,12.750000,13.000000,12.000000,12.375000,11.794303,628200
2001-02-27,12.312500,12.687500,11.875000,12.000000,11.436900,532100
2001-02-28,12.375000,12.500000,11.500000,11.500000,10.960364,807500
2001-03-01,11.843750,12.125000,11.000000,11.875000,11.317767,1353800
2001-03-02,11.375000,13.250000,11.250000,12.375000,11.794303,772600
2001-03-05,12.875000,13.250000,12.750000,13.125000,12.509111,684400
2001-03-06,13.500000,14.875000,13.437500,14.250000,13.581320,1142500
2001-03-07,14.562500,14.562500,13.687500,13.812500,13.164350,593500
2001-03-08,13.687500,14.250000,13.375000,14.250000,13.581320,910800
2001-03-09,13.781250,13.812500,12.500000,12.687500,12.092140,762400
2001-03-12,12.625000,13.062500,12.312500,12.437500,11.853872,602800
2001-03-13,12.687500,13.375000,12.500000,13.312500,12.687813,865000
2001-03-14,12.750000,13.687500,12.562500,13.250000,12.628244,472400
2001-03-15,13.562500,13.875000,12.687500,12.750000,12.151708,604100
2001-03-16,12.937500,13.125000,12.000000,12.125000,11.556035,454000
2001-03-19,12.000000,13.250000,12.000000,13.062500,12.449544,556700
2001-03-20,13.250000,13.625000,12.000000,12.031250,11.466685,806300
2001-03-21,12.125000,12.750000,12.062500,12.562500,11.973006,792300
2001-03-22,12.750000,14.375000,12.625000,14.000000,13.343050,1259300
2001-03-23,14.375000,14.750000,14.000000,14.437500,13.760022,926600
2001-03-26,14.375000,15.625000,14.250000,15.312500,14.593963,2035500
2001-03-27,15.250000,16.125000,15.125000,16.000000,15.249201,1599800
2001-03-28,15.500000,15.625000,14.687500,14.843750,14.147207,799800
2001-03-29,14.750000,15.625000,14.125000,14.187500,13.521754,614900
2001-03-30,14.250000,14.375000,13.250000,13.562500,12.926081,1028300
2001-04-02,13.250000,13.562500,12.125000,12.187500,11.615602,1133600
2001-04-03,12.125000,12.375000,11.562500,11.937500,11.377335,1121900
2001-04-04,12.187500,12.250000,11.250000,11.437500,10.900797,863200
2001-04-05,12.000000,13.500000,11.875000,13.312500,12.687813,988500
2001-04-06,12.687500,12.750000,12.000000,12.312500,11.734736,598100
2001-04-09,12.600000,12.750000,11.900000,12.390000,11.808602,688400
2001-04-10,12.250000,13.400000,12.250000,13.400000,12.771205,427300
2001-04-11,14.170000,14.650000,13.790000,14.220000,13.552727,910100
2001-04-12,14.210000,15.500000,13.000000,15.490000,14.763133,1327500
2001-04-16,14.900000,15.150000,14.220000,14.800000,14.105512,454900
2001-04-17,14.200000,14.990000,13.830000,13.950000,13.295398,649800
2001-04-18,14.920000,16.000000,14.850000,15.410000,14.686886,1739000
2001-04-19,15.640000,17.650000,15.440000,17.580000,16.755062,3022200
2001-04-20,15.500000,17.200001,15.500000,16.959999,16.164154,3098800
2001-04-23,15.600000,15.900000,15.250000,15.760000,15.020463,1905700
2001-04-24,15.790000,16.280001,15.350000,15.800000,15.058587,1019700
2001-04-25,15.880000,16.250000,15.370000,16.090000,15.334977,748900
2001-04-26,16.209999,16.320000,15.600000,15.760000,15.020463,524400
2001-04-27,15.790000,16.600000,15.730000,15.820000,15.077648,848300
2001-04-30,16.090000,17.040001,16.049999,16.750000,15.964007,1237000
2001-05-01,16.790001,16.860001,15.240000,15.500000,14.772663,1766100
2001-05-02,15.670000,16.200001,15.520000,16.010000,15.258732,1365600
2001-05-03,15.990000,15.990000,14.960000,15.190000,14.477209,1076300
2001-05-04,15.100000,15.110000,14.510000,14.820000,14.124572,1235800
2001-05-07,14.960000,15.400000,14.790000,15.010000,14.305656,630200
2001-05-08,15.080000,16.000000,15.060000,15.740000,15.001402,599000
2001-05-09,15.520000,15.650000,15.050000,15.330000,14.610641,631600
2001-05-10,16.400000,16.500000,15.410000,15.800000,15.058587,1353300
2001-05-11,15.700000,15.820000,15.210000,15.250000,14.534394,498700
2001-05-14,15.300000,15.350000,14.780000,15.010000,14.305656,548900
2001-05-15,15.030000,15.520000,14.900000,15.150000,14.439087,613200
2001-05-16,14.900000,15.990000,14.880000,15.870000,15.125302,895400
2001-05-17,16.000000,16.760000,16.000000,16.430000,15.659025,1756700
2001-05-18,16.400000,17.000000,16.299999,16.450001,15.678087,693700
2001-05-21,16.459999,18.500000,16.440001,18.350000,17.488930,5245600
2001-05-22,18.309999,18.700001,17.250000,17.990000,17.145819,2058900
2001-05-23,17.850000,17.980000,16.700001,16.750000,15.964007,820200
2001-05-24,16.590000,17.480000,15.950000,17.430000,16.612101,1354500
2001-05-25,17.450001,17.750000,16.980000,17.139999,16.335707,648400
2001-05-29,16.930000,17.000000,15.500000,15.590000,14.858441,913600
2001-05-30,15.240000,15.300000,14.110000,14.460000,13.781466,1164700
2001-05-31,14.650000,15.100000,14.470000,14.800000,14.105512,809300
2001-06-01,14.890000,15.290000,14.650000,15.050000,14.343781,555000
2001-06-04,15.140000,15.150000,14.750000,15.140000,14.429557,729600
2001-06-05,15.140000,16.730000,15.130000,16.250000,15.487471,1001100
2001-06-06,16.219999,16.670000,15.950000,16.559999,15.782925,715800
2001-06-07,16.299999,17.650000,16.250000,17.500000,16.678814,1059600
2001-06-08,17.600000,17.680000,17.049999,17.420000,16.602570,460200
2001-06-11,17.049999,17.059999,16.150000,16.250000,15.487471,332900
2001-06-12,16.030001,17.190001,15.600000,17.110001,16.307116,632600
2001-06-13,17.170000,17.299999,16.590000,16.600000,15.821048,377700
2001-06-14,16.520000,16.520000,15.360000,15.360000,14.639232,436700
2001-06-15,15.460000,15.750000,14.800000,15.160000,14.448618,457600
2001-06-18,15.080000,15.400000,14.620000,14.750000,14.057858,591900
2001-06-19,14.780000,15.200000,14.000000,14.050000,13.390707,971400
2001-06-20,13.990000,14.540000,13.620000,14.540000,13.857713,762700
2001-06-21,14.520000,14.570000,14.040000,14.420000,13.743343,824500
2001-06-22,14.480000,14.920000,14.150000,14.450000,13.771934,328500
2001-06-25,14.700000,15.180000,14.650000,15.120000,14.410495,541800
2001-06-26,14.670000,15.840000,14.640000,15.730000,14.991871,562200
2001-06-27,15.800000,15.920000,15.060000,15.850000,15.106240,511400
2001-06-28,15.820000,16.639999,15.810000,16.530001,15.754333,589700
2001-06-29,16.600000,17.299999,16.450001,17.160000,16.354767,645900
2001-07-02,17.160000,17.250000,16.500000,17.059999,16.259462,384500
2001-07-03,17.000000,17.049999,16.680000,16.940001,16.145092,127400
2001-07-05,16.690001,16.799999,16.190001,16.540001,15.763860,263000
2001-07-06,16.420000,16.420000,15.250000,15.550000,14.820318,611600
2001-07-09,15.590000,15.740000,15.200000,15.520000,14.791726,423700
2001-07-10,15.730000,15.950000,15.000000,15.010000,14.305656,439700
2001-07-11,15.060000,15.710000,15.000000,15.440000,14.715480,246100
2001-07-12,15.800000,16.740000,15.800000,16.660000,15.878229,414200
2001-07-13,16.680000,16.990000,16.280001,16.950001,16.154625,299400
2001-07-16,16.670000,16.850000,15.700000,15.700000,14.963279,414400
2001-07-17,15.570000,16.350000,15.190000,16.309999,15.544652,614300
2001-07-18,16.000000,16.209999,15.650000,15.870000,15.125302,157600
2001-07-19,16.020000,16.740000,15.830000,16.440001,15.668556,549700
2001-07-20,16.150000,16.459999,15.950000,16.309999,15.544652,177100
2001-07-23,16.200001,16.400000,16.000000,16.150000,15.392162,850200
2001-07-24,16.150000,16.160000,15.570000,15.660000,14.925155,949700
2001-07-25,15.520000,16.000000,15.200000,15.890000,15.144363,658100
2001-07-26,15.810000,16.790001,15.250000,16.600000,15.821048,653600
2001-07-27,16.500000,16.799999,16.389999,16.770000,15.983068,818500
2001-07-30,16.580000,16.950001,16.530001,16.709999,15.925882,357500
2001-07-31,16.700001,17.150000,16.600000,16.910000,16.116501,406500
2001-08-01,17.150000,18.100000,17.100000,17.850000,17.012390,1490500
2001-08-02,18.000000,18.299999,17.700001,17.799999,16.964735,478500
2001-08-03,17.719999,17.799999,17.250000,17.500000,16.678814,636600
2001-08-06,17.250000,17.370001,17.010000,17.110001,16.307116,238400
2001-08-07,16.900000,17.000000,16.309999,16.549999,15.773393,696200
2001-08-08,15.900000,16.000000,15.250000,15.380000,14.658297,1663000
2001-08-09,15.430000,15.720000,14.850000,14.960000,14.258003,1679500
2001-08-10,14.600000,14.750000,13.980000,14.600000,13.914896,3033400
2001-08-13,14.750000,15.050000,14.610000,14.720000,14.029265,613100
2001-08-14,14.850000,15.100000,14.730000,14.730000,14.038796,964800
2001-08-15,14.900000,14.950000,14.420000,14.580000,13.895835,556100
2001-08-16,14.500000,14.700000,14.010000,14.560000,13.876775,526600
2001-08-17,14.300000,14.500000,14.000000,14.120000,13.457418,259600
2001-08-20,14.100000,14.600000,14.100000,14.340000,13.667095,293500
2001-08-21,14.350000,14.550000,13.950000,14.010000,13.352582,548600
2001-08-22,14.280000,14.610000,14.040000,14.480000,13.800527,720400
2001-08-23,14.400000,14.800000,14.240000,14.240000,13.571789,1080600
2001-08-24,14.600000,15.200000,14.470000,15.200000,14.486742,806800
2001-08-27,15.150000,15.600000,15.100000,15.400000,14.677356,602800
2001-08-28,15.220000,15.380000,14.610000,14.770000,14.076921,346700
2001-08-29,14.790000,15.000000,14.250000,14.660000,13.972081,468000
2001-08-30,14.350000,14.650000,13.910000,14.300000,13.628973,624400
2001-08-31,14.010000,14.700000,14.000000,14.410000,13.733812,422700
2001-09-04,14.390000,14.810000,14.050000,14.060000,13.400237,552600
2001-09-05,14.050000,14.200000,13.290000,13.780000,13.133374,825200
2001-09-06,13.600000,13.650000,12.810000,13.190000,12.571058,610000
2001-09-07,12.880000,13.590000,12.780000,13.130000,12.513877,302400
2001-09-10,13.070000,13.200000,12.440000,12.490000,11.903908,989900
2001-09-17,12.010000,12.250000,11.100000,11.210000,10.683973,898100
2001-09-18,11.200000,11.450000,9.900000,10.040000,9.568875,1745400
2001-09-19,10.200000,10.380000,8.160000,9.640000,9.187644,2957900
2001-09-20,9.460000,10.500000,9.450000,10.210000,9.730896,1646800
2001-09-21,9.970000,10.230000,9.180000,10.150000,9.673713,797700
2001-09-24,10.520000,10.800000,10.220000,10.580000,10.083534,1066600
2001-09-25,10.500000,11.000000,10.420000,11.000000,10.483826,752500
2001-09-26,10.820000,10.950000,10.110000,10.380000,9.892919,508200
2001-09-27,10.320000,10.500000,9.510000,10.080000,9.606997,996400
2001-09-28,10.080000,11.090000,10.080000,10.900000,10.388520,961000
2001-10-01,10.630000,10.990000,10.130000,10.200000,9.721366,433500
2001-10-02,9.930000,10.690000,9.920000,10.070000,9.597466,1267900
2001-10-03,9.930000,11.300000,9.780000,11.000000,10.483826,1413200
2001-10-04,11.200000,11.920000,11.000000,11.400000,10.865056,813000
2001-10-05,11.100000,11.400000,10.600000,11.250000,10.722095,528000
2001-10-08,11.050000,12.130000,10.950000,12.050000,11.484554,383400
2001-10-09,11.750000,11.840000,11.480000,11.550000,11.008018,414900
2001-10-10,11.510000,12.080000,11.360000,11.940000,11.379717,431500
2001-10-11,11.800000,13.450000,11.790000,13.450000,12.818861,818000
2001-10-12,13.190000,13.440000,12.500000,13.170000,12.551998,515600
2001-10-15,12.890000,12.900000,12.100000,12.560000,11.970623,369900
2001-10-16,12.650000,12.820000,12.270000,12.810000,12.208892,302900
2001-10-17,13.150000,13.200000,12.220000,12.220000,11.646578,507200
2001-10-18,12.210000,12.480000,11.830000,11.880000,11.322532,383700
2001-10-19,11.780000,12.570000,11.700000,12.470000,11.884846,340000
2001-10-22,12.230000,12.970000,12.220000,12.850000,12.247015,589000
2001-10-23,12.800000,12.850000,12.250000,12.350000,11.770476,653700
2001-10-24,12.480000,12.900000,12.250000,12.900000,12.294668,1320500
2001-10-25,12.510000,14.380000,12.220000,14.260000,13.590852,2073300
2001-10-26,14.060000,14.300000,13.850000,14.000000,13.343050,1450700
2001-10-29,14.250000,14.250000,13.400000,13.540000,12.904635,727100
2001-10-30,13.450000,13.850000,13.240000,13.540000,12.904635,2674200
2001-10-31,14.300000,15.200000,13.950000,15.170000,14.458149,4525900
2001-11-01,15.580000,17.400000,15.580000,17.000000,16.202278,9849400
2001-11-02,16.930000,18.000000,16.450001,17.340000,16.526323,2890600
2001-11-05,17.379999,17.870001,17.270000,17.500000,16.678814,1856600
2001-11-06,17.500000,17.790001,16.900000,17.650000,16.821775,1473800
2001-11-07,17.490000,18.400000,17.320000,18.059999,17.212536,1896200
2001-11-08,18.260000,18.820000,16.750000,17.180000,16.373831,2010900
2001-11-09,16.990000,17.490000,16.850000,17.059999,16.259462,841000
2001-11-12,17.010000,17.500000,16.500000,17.430000,16.612101,1534400
2001-11-13,17.500000,18.370001,17.500000,18.330000,17.469866,1849100
2001-11-14,18.500000,18.799999,17.650000,18.299999,17.441273,1165800
2001-11-15,17.510000,18.400000,17.480000,17.500000,16.678814,1990000
2001-11-16,17.389999,17.600000,17.000000,17.299999,16.488197,1597800
2001-11-19,17.379999,17.440001,16.500000,17.150000,16.345240,1128500
2001-11-20,17.070000,17.080000,16.049999,16.120001,15.363570,917500
2001-11-21,16.110001,16.299999,15.600000,16.250000,15.487471,1232300
2001-11-23,16.000000,16.709999,15.850000,16.549999,15.773393,366600
2001-11-26,16.639999,17.139999,16.450001,17.100000,16.297585,630700
2001-11-27,16.700001,17.750000,16.629999,17.240000,16.431013,927500
2001-11-28,17.170000,17.420000,16.500000,16.510000,15.735271,709100
2001-11-29,16.559999,16.930000,16.340000,16.930000,16.135563,1524300
2001-11-30,16.700001,16.790001,15.700000,15.710000,14.972809,2137500
2001-12-03,15.710000,16.129999,15.500000,15.940000,15.192017,511900
2001-12-04,16.059999,17.090000,16.049999,17.049999,16.249928,821700
2001-12-05,17.100000,18.850000,17.059999,18.500000,17.631887,2148800
2001-12-06,18.430000,18.969999,18.299999,18.920000,18.032183,1836000
2001-12-07,18.490000,18.799999,17.910000,18.240000,17.384090,749500
2001-12-10,17.780001,18.350000,17.650000,17.870001,17.031454,589600
2001-12-11,17.770000,18.219999,17.680000,17.910000,17.069574,560400
2001-12-12,17.990000,18.400000,17.639999,18.100000,17.250658,640200
2001-12-13,17.410000,17.549999,16.480000,16.690001,15.906823,706100
2001-12-14,16.900000,17.129999,16.510000,17.070000,16.268991,632500
2001-12-17,17.110001,17.770000,17.000000,17.709999,16.878958,607800
2001-12-18,17.799999,17.990000,17.510000,17.660000,16.831306,350300
2001-12-19,17.809999,18.150000,17.160000,17.510000,16.688343,1320300
2001-12-20,17.549999,17.570000,16.180000,16.209999,15.449348,1945800
2001-12-21,16.350000,16.889999,16.250000,16.809999,16.021191,1052000
2001-12-24,16.760000,16.900000,16.459999,16.719999,15.935414,224100
2001-12-26,16.500000,17.240000,16.469999,16.980000,16.183216,197900
2001-12-27,17.000000,17.500000,16.990000,17.500000,16.678814,486600
2001-12-28,17.610001,18.049999,17.549999,17.850000,17.012390,968900
2001-12-31,17.889999,17.900000,16.910000,17.150000,16.345240,1637800
2002-01-02,17.360001,17.950001,17.360001,17.940001,17.098169,868300
2002-01-03,18.010000,20.350000,18.000000,20.040001,19.099625,3320000
2002-01-04,20.490000,20.780001,20.209999,20.420000,19.461792,3384200
2002-01-07,20.370001,20.799999,19.780001,20.040001,19.099625,1666800
2002-01-08,19.980000,20.350000,19.900000,20.240000,19.290241,795500
2002-01-09,20.250000,20.920000,20.150000,20.190001,19.242588,1178200
2002-01-10,20.100000,20.100000,19.629999,19.790001,18.861361,640800
2002-01-11,19.580000,20.080000,19.360001,19.709999,18.785107,722400
2002-01-14,19.570000,19.610001,18.969999,19.160000,18.260921,831700
2002-01-15,19.170000,19.450001,18.389999,18.850000,17.965467,1014200
2002-01-16,18.299999,18.430000,17.450001,17.490000,16.669285,2416500
2002-01-17,16.500000,17.290001,15.600000,16.020000,15.268265,4533000
2002-01-18,15.870000,16.290001,15.700000,16.049999,15.296854,1179800
2002-01-22,16.049999,16.049999,15.600000,15.600000,14.867971,1119700
2002-01-23,15.870000,16.750000,15.850000,16.709999,15.925882,961500
2002-01-24,16.719999,17.080000,16.250000,16.379999,15.611370,656900
2002-01-25,16.350000,17.059999,16.270000,16.730000,15.944942,402700
2002-01-28,17.000000,17.000000,16.190001,16.280001,15.516063,1392500
2002-01-29,16.049999,16.600000,15.500000,15.920000,15.172956,798200
2002-01-30,15.850000,16.270000,14.800000,16.270000,15.506532,2060900
2002-01-31,16.600000,16.600000,15.900000,16.450001,15.678087,518600
2002-02-01,16.350000,16.360001,15.770000,15.850000,15.106240,1142000
2002-02-04,15.900000,16.500000,15.580000,15.640000,14.906095,676500
2002-02-05,15.530000,15.800000,15.270000,15.500000,14.772663,1045900
2002-02-06,15.470000,15.750000,15.150000,15.690000,14.953749,615500
2002-02-07,15.360000,15.700000,14.780000,14.900000,14.200818,545700
2002-02-08,14.890000,15.100000,14.320000,14.690000,14.000672,1311500
2002-02-11,14.750000,15.780000,14.600000,15.740000,15.001402,1028100
2002-02-12,15.580000,16.150000,15.260000,15.850000,15.106240,1011300
2002-02-13,15.900000,16.799999,15.820000,16.620001,15.840108,1466200
2002-02-14,16.600000,16.830000,16.049999,16.080000,15.325447,756900
2002-02-15,16.049999,16.780001,16.030001,16.480000,15.706678,1313700
2002-02-19,16.320000,16.330000,15.290000,15.300000,14.582048,1180200
2002-02-20,15.590000,16.299999,15.250000,16.260000,15.497000,971600
2002-02-21,16.650000,16.730000,15.350000,15.480000,14.753602,1403600
2002-02-22,15.660000,15.860000,14.960000,15.440000,14.715480,1143700
2002-02-25,15.450000,17.219999,15.450000,16.840000,16.049784,1886800
2002-02-26,17.100000,18.080000,16.850000,17.549999,16.726467,2824200
2002-02-27,17.809999,19.000000,17.690001,18.410000,17.546110,2833500
2002-02-28,18.360001,18.459999,17.389999,17.620001,16.793180,2182500
2002-03-01,17.760000,19.590000,17.690001,19.360001,18.451536,2569500
2002-03-04,19.209999,20.000000,19.120001,19.889999,18.956663,2228900
2002-03-05,19.650000,20.840000,19.389999,20.600000,19.633347,2739200
2002-03-06,20.459999,20.490000,19.700001,20.299999,19.347425,1154800
2002-03-07,20.309999,20.799999,19.930000,20.690001,19.719124,1120700
2002-03-08,20.799999,21.650000,20.660000,21.059999,20.071764,1386400
2002-03-11,20.600000,20.719999,20.139999,20.280001,19.328360,801000
2002-03-12,19.799999,20.150000,19.500000,19.799999,18.870886,720300
2002-03-13,19.610001,19.620001,18.709999,18.780001,17.898748,1660800
2002-03-14,18.750000,19.230000,18.350000,18.990000,18.098896,1282000
2002-03-15,18.780001,19.670000,18.780001,19.580000,18.661207,721200
2002-03-18,19.520000,20.500000,19.299999,19.570000,18.651680,1128400
2002-03-19,19.750000,20.090000,19.430000,20.080000,19.137751,887500
2002-03-20,19.850000,19.870001,19.389999,19.559999,18.642151,824100
2002-03-21,19.580000,20.450001,19.299999,20.410000,19.452263,1324400
2002-03-22,20.459999,20.799999,19.950001,19.950001,19.013849,1339000
2002-03-25,20.000000,20.370001,19.400000,19.440001,18.527781,422600
2002-03-26,19.500000,20.219999,19.299999,20.160000,19.213993,1048200
2002-03-27,20.160000,20.520000,19.620001,20.110001,19.166342,665600
2002-03-28,20.150000,21.000000,20.150000,20.809999,19.833490,645700
2002-04-01,20.650000,21.250000,19.950001,21.150000,20.157539,646400
2002-04-02,21.049999,21.059999,20.450001,20.500000,19.538038,523500
2002-04-03,20.600000,20.850000,19.660000,19.850000,18.918539,596200
2002-04-04,19.850000,20.330000,19.620001,20.120001,19.175871,724400
2002-04-05,20.230000,20.389999,19.500000,19.549999,18.632618,298000
2002-04-08,19.350000,19.740000,18.709999,19.690001,18.766047,1377100
2002-04-09,19.809999,20.110001,18.920000,19.080000,18.184673,1288600
2002-04-10,19.059999,19.400000,18.520000,18.990000,18.098896,543200
2002-04-11,18.930000,19.290001,18.600000,18.709999,17.832033,343600
2002-04-12,18.840000,19.160000,18.440001,19.150000,18.251387,705500
2002-04-15,19.040001,20.000000,18.950001,19.870001,18.937605,1694700
2002-04-16,20.400000,21.120001,20.350000,20.750000,19.776308,1690300
2002-04-17,20.780001,21.670000,20.600000,20.799999,19.823957,1087100
2002-04-18,21.000000,21.120001,20.049999,20.200001,19.252115,1276300
2002-04-19,20.270000,20.450001,19.889999,20.000000,19.061501,553600
2002-04-22,19.980000,19.980000,19.400000,19.700001,18.775581,519100
2002-04-23,19.910000,20.100000,18.920000,18.980000,18.089363,944300
2002-04-24,19.000000,19.410000,18.100000,18.250000,17.393620,806000
2002-04-25,18.299999,19.040001,18.120001,18.799999,17.917810,943800
2002-04-26,18.850000,19.240000,17.290001,17.330000,16.516788,1156800
2002-04-29,17.400000,17.950001,17.040001,17.299999,16.488197,585100
2002-04-30,17.350000,18.219999,17.299999,18.139999,17.288780,2256700
2002-05-01,18.150000,18.450001,17.110001,18.240000,17.384090,967900
2002-05-02,18.200001,18.660000,16.950001,17.080000,16.278522,886500
2002-05-03,17.180000,17.350000,16.260000,16.480000,15.706678,1027800
2002-05-06,16.510000,17.049999,16.230000,16.350000,15.582777,406900
2002-05-07,16.450001,17.020000,16.049999,16.360001,15.592310,820000
2002-05-08,17.350000,18.840000,17.340000,18.700001,17.822504,1358000
2002-05-09,18.629999,19.000000,17.860001,18.040001,17.193474,960600
2002-05-10,18.100000,18.200001,16.950001,17.100000,16.297585,590400
2002-05-13,17.100000,18.299999,17.100000,18.299999,17.441273,579300
2002-05-14,19.170000,19.799999,19.030001,19.700001,18.775581,1461700
2002-05-15,19.650000,20.240000,19.000000,19.709999,18.785107,1666300
2002-05-16,19.650000,19.760000,19.250000,19.660000,18.737459,870600
2002-05-17,18.620001,19.040001,16.879999,17.370001,16.554916,5565100
2002-05-20,17.680000,17.700001,17.090000,17.280001,16.469141,641000
2002-05-21,17.340000,17.549999,16.379999,16.700001,15.916356,867400
2002-05-22,16.650000,16.950001,16.000000,16.309999,15.544652,1229800
2002-05-23,16.350000,16.370001,15.100000,16.070000,15.315916,1934200
2002-05-24,15.840000,15.900000,14.910000,15.120000,14.410495,2384800
2002-05-28,15.390000,15.530000,15.000000,15.360000,14.639232,1133800
2002-05-29,15.240000,15.260000,14.580000,14.790000,14.095982,1016300
2002-05-30,14.560000,14.700000,14.030000,14.690000,14.000672,1683600
2002-05-31,15.000000,15.050000,14.440000,14.600000,13.914896,1159900
2002-06-03,14.620000,14.630000,13.400000,13.430000,12.799798,1080200
2002-06-04,13.360000,14.040000,13.200000,13.940000,13.285867,1511000
2002-06-05,14.040000,14.100000,13.200000,13.590000,12.952290,1252000
2002-06-06,13.450000,13.550000,13.160000,13.410000,12.780737,1601600
2002-06-07,12.860000,13.610000,12.580000,13.470000,12.837922,890100
2002-06-10,14.050000,14.060000,13.070000,13.090000,12.475753,505400
2002-06-11,13.210000,13.460000,12.110000,12.130000,11.560801,1096800
2002-06-12,12.140000,12.500000,11.790000,12.180000,11.608455,1863300
2002-06-13,12.200000,12.780000,12.090000,12.210000,11.637045,1337100
2002-06-14,12.060000,12.520000,11.500000,12.430000,11.846725,1251000
2002-06-17,12.550000,13.150000,12.530000,13.000000,12.389977,712600
2002-06-18,12.700000,13.470000,12.670000,12.750000,12.151708,542000
2002-06-19,12.740000,12.800000,11.850000,11.930000,11.370186,582300
2002-06-20,12.320000,12.350000,11.450000,11.470000,10.931772,1526500
2002-06-21,11.850000,11.880000,10.650000,11.000000,10.483826,1660400
2002-06-24,10.860000,11.900000,10.850000,11.530000,10.988956,1326200
2002-06-25,11.760000,12.070000,11.050000,11.180000,10.655379,1072500
2002-06-26,11.090000,11.760000,10.680000,11.630000,11.084263,987000
2002-06-27,11.740000,12.690000,11.730000,12.620000,12.027808,1075100
2002-06-28,12.400000,13.110000,12.280000,12.390000,11.808602,1048300
2002-07-01,12.390000,12.680000,11.410000,11.480000,10.941303,752300
2002-07-02,11.400000,11.500000,10.610000,10.690000,10.188373,1088000
2002-07-03,10.610000,11.230000,10.530000,11.150000,10.626785,780200
2002-07-05,11.740000,12.450000,11.660000,12.410000,11.827662,375200
2002-07-08,12.410000,12.600000,11.630000,11.800000,11.246287,812100
2002-07-09,11.740000,11.740000,11.160000,11.510000,10.969895,842200
2002-07-10,11.580000,11.790000,10.740000,10.790000,10.283681,1138100
2002-07-11,10.780000,11.910000,10.560000,11.860000,11.303471,800800
2002-07-12,12.130000,12.300000,11.700000,11.930000,11.370186,539200
2002-07-15,11.900000,12.410000,11.490000,12.260000,11.684699,544000
2002-07-16,12.500000,12.930000,12.010000,12.060000,11.494085,1088200
2002-07-17,11.390000,12.510000,10.140000,10.460000,9.969167,3714400
2002-07-18,10.190000,10.720000,9.180000,9.220000,8.787353,2291300
2002-07-19,9.000000,9.530000,8.910000,9.070000,8.644390,1744400
2002-07-22,9.010000,9.290000,8.510000,8.850000,8.434713,2000100
2002-07-23,8.540000,8.550000,7.200000,7.590000,7.233840,2447800
2002-07-24,7.210000,7.630000,6.350000,7.490000,7.138532,2154600
2002-07-25,7.460000,7.460000,5.820000,5.860000,5.585021,4663000
2002-07-26,6.340000,6.350000,5.900000,6.070000,5.785165,2480800
2002-07-29,6.300000,6.710000,6.150000,6.660000,6.347480,1563700
2002-07-30,6.710000,7.180000,6.500000,6.930000,6.604810,1589200
2002-07-31,6.880000,7.100000,6.350000,6.580000,6.271234,960100
2002-08-01,6.510000,6.770000,6.050000,6.050000,5.766104,1783400
2002-08-02,6.120000,6.170000,5.550000,5.560000,5.299097,2309100
2002-08-05,5.550000,5.720000,5.100000,5.160000,4.917868,1307800
2002-08-06,5.400000,5.840000,5.320000,5.450000,5.194260,1471800
2002-08-07,5.570000,5.690000,4.850000,5.240000,4.994113,1570100
2002-08-08,5.300000,5.580000,5.040000,5.580000,5.318159,881800
2002-08-09,5.500000,5.520000,5.240000,5.360000,5.108482,732200
2002-08-12,5.400000,5.400000,5.050000,5.260000,5.013175,624500
2002-08-13,4.330000,4.670000,3.990000,4.080000,3.888546,4300400
2002-08-14,4.060000,4.180000,3.510000,4.000000,3.812300,4382400
2002-08-15,4.160000,4.320000,3.950000,4.150000,3.955262,1963200
2002-08-16,4.080000,4.750000,4.010000,4.750000,4.527107,1147800
2002-08-19,4.690000,4.750000,4.380000,4.510000,4.298368,728600
2002-08-20,4.190000,4.390000,3.950000,4.060000,3.869484,1335200
2002-08-21,4.180000,4.700000,4.170000,4.640000,4.422268,1214000
2002-08-22,4.560000,4.750000,4.400000,4.480000,4.269776,1632900
2002-08-23,4.440000,4.440000,4.000000,4.100000,3.907608,638500
2002-08-26,4.250000,4.340000,4.010000,4.270000,4.069631,718200
2002-08-27,4.250000,4.250000,3.840000,3.900000,3.716993,912600
2002-08-28,3.860000,3.870000,3.630000,3.710000,3.535909,1119000
2002-08-29,3.630000,3.950000,3.520000,3.900000,3.716993,835200
2002-08-30,3.900000,3.900000,3.720000,3.720000,3.545439,455600
2002-09-03,3.710000,3.900000,3.580000,3.690000,3.516847,498200
2002-09-04,3.730000,4.010000,3.580000,3.910000,3.726524,677700
2002-09-05,3.940000,3.950000,3.620000,3.630000,3.459663,537100
2002-09-06,3.940000,4.180000,3.800000,4.070000,3.879016,1290000
2002-09-09,4.100000,4.260000,3.850000,4.090000,3.898077,599600
2002-09-10,4.290000,4.570000,4.090000,4.560000,4.346023,1100400
2002-09-11,4.740000,4.850000,4.470000,4.580000,4.365084,650000
2002-09-12,4.670000,4.680000,4.170000,4.280000,4.079162,489100
2002-09-13,4.200000,4.420000,4.140000,4.250000,4.050570,613300
2002-09-16,4.250000,4.300000,4.060000,4.210000,4.012446,636300
2002-09-17,4.320000,4.350000,4.000000,4.050000,3.859954,896000
2002-09-18,3.960000,4.120000,3.780000,3.790000,3.612154,497500
2002-09-19,3.870000,3.920000,3.630000,3.660000,3.488255,539400
2002-09-20,3.650000,3.750000,3.200000,3.390000,3.230925,1167600
2002-09-23,3.430000,3.430000,3.120000,3.140000,2.992656,844500
2002-09-24,3.110000,3.390000,2.990000,3.210000,3.059371,507100
2002-09-25,3.370000,3.450000,3.190000,3.220000,3.068902,1070400
2002-09-26,3.330000,3.350000,2.900000,3.120000,2.973594,914600
2002-09-27,3.050000,3.230000,2.930000,2.930000,2.792510,570300
2002-09-30,2.910000,3.100000,2.850000,3.000000,2.859225,521400
2002-10-01,3.010000,3.150000,2.850000,3.070000,2.925941,287500
2002-10-02,2.880000,3.360000,2.880000,3.130000,2.983125,551000
2002-10-03,3.080000,3.150000,2.870000,2.950000,2.811572,495100
2002-10-04,3.150000,3.150000,2.270000,2.380000,2.268319,1632600
2002-10-07,2.360000,2.370000,1.980000,1.990000,1.896619,1353900
2002-10-08,2.190000,2.210000,1.910000,2.100000,2.001458,621800
2002-10-09,2.040000,2.050000,1.940000,1.950000,1.858496,753700
2002-10-10,2.040000,2.130000,1.920000,2.090000,1.991927,1224500
2002-10-11,2.170000,2.340000,2.080000,2.110000,2.010988,957100
2002-10-14,2.130000,2.250000,2.040000,2.120000,2.020519,428400
2002-10-15,2.270000,2.580000,2.270000,2.540000,2.420811,787200
2002-10-16,2.200000,2.340000,2.020000,2.290000,2.182542,609900
2002-10-17,2.540000,2.800000,2.510000,2.750000,2.620956,864500
2002-10-18,2.780000,2.920000,2.580000,2.760000,2.630487,494800
2002-10-21,2.750000,3.040000,2.600000,3.000000,2.859225,665800
2002-10-22,2.990000,3.000000,2.640000,2.650000,2.525650,638400
2002-10-23,2.620000,2.890000,2.570000,2.810000,2.678141,771600
2002-10-24,2.830000,3.180000,2.820000,2.970000,2.830633,1311300
2002-10-25,2.930000,3.340000,2.900000,3.320000,3.164209,685900
2002-10-28,3.370000,3.760000,3.360000,3.600000,3.431071,1304200
2002-10-29,3.600000,3.660000,3.190000,3.370000,3.211863,784800
2002-10-30,3.350000,4.090000,3.350000,4.000000,3.812300,1056300
2002-10-31,4.010000,4.040000,3.720000,3.750000,3.574032,946800
2002-11-01,3.710000,3.850000,3.510000,3.800000,3.621686,1183800
2002-11-04,4.010000,4.460000,3.860000,3.860000,3.678870,2810300
2002-11-05,3.930000,3.930000,3.680000,3.750000,3.574032,1259600
2002-11-06,3.880000,4.300000,3.760000,4.240000,4.041039,1751000
2002-11-07,4.140000,4.160000,3.900000,3.940000,3.755116,782300
2002-11-08,3.990000,4.060000,3.760000,4.020000,3.831362,647900
2002-11-11,4.000000,4.030000,3.350000,3.420000,3.259517,659600
2002-11-12,3.540000,3.600000,3.260000,3.310000,3.154678,1055700
2002-11-13,3.270000,3.360000,3.210000,3.260000,3.107025,891400
2002-11-14,3.360000,3.810000,3.340000,3.770000,3.593093,1009900
2002-11-15,3.540000,4.370000,3.400000,4.010000,3.821831,3114100
2002-11-18,4.100000,4.240000,3.800000,3.800000,3.621686,1292500
2002-11-19,3.770000,3.850000,3.480000,3.620000,3.450132,827000
2002-11-20,3.570000,4.040000,3.550000,3.950000,3.764647,713000
2002-11-21,4.060000,4.960000,4.050000,4.870000,4.641475,2728700
2002-11-22,4.710000,6.200000,4.600000,6.170000,5.880474,3317000
2002-11-25,6.310000,6.740000,5.460000,6.080000,5.794697,3467400
2002-11-26,6.020000,6.100000,5.600000,5.820000,5.546898,1275600
2002-11-27,5.990000,6.390000,5.990000,6.170000,5.880474,954600
2002-11-29,6.170000,6.310000,5.850000,5.850000,5.575490,380500
2002-12-02,6.300000,6.370000,5.850000,6.060000,5.775635,1451100
2002-12-03,5.950000,6.000000,5.410000,5.480000,5.222851,1017600
2002-12-04,4.910000,5.230000,4.650000,5.060000,4.822560,1170900
2002-12-05,5.190000,5.350000,4.680000,4.680000,4.460391,1241800
2002-12-06,4.650000,4.730000,4.480000,4.510000,4.298368,1396200
2002-12-09,4.560000,4.630000,3.990000,4.180000,3.983854,1863200
2002-12-10,4.200000,4.960000,4.140000,4.920000,4.689130,1597900
2002-12-11,4.880000,5.420000,4.660000,5.370000,5.118013,1325000
2002-12-12,5.710000,6.430000,5.460000,6.230000,5.937658,4054800
2002-12-13,6.070000,6.070000,5.430000,5.540000,5.280035,1771800
2002-12-16,5.660000,5.710000,5.430000,5.440000,5.184729,1203500
2002-12-17,5.530000,5.820000,5.430000,5.700000,5.432528,1181700
2002-12-18,5.610000,5.780000,5.510000,5.770000,5.499243,1847200
2002-12-19,5.600000,6.000000,5.500000,5.980000,5.699389,1726300
2002-12-20,5.890000,6.250000,5.870000,5.940000,5.661266,1266700
2002-12-23,5.830000,6.210000,5.770000,6.100000,5.813757,686800
2002-12-24,6.050000,6.100000,5.920000,6.060000,5.775635,534500
2002-12-26,6.050000,6.240000,5.930000,5.950000,5.670797,661700
2002-12-27,5.980000,6.130000,5.920000,5.920000,5.642204,722900
2002-12-30,5.940000,6.020000,5.500000,5.600000,5.337220,801800
2002-12-31,5.550000,5.960000,5.550000,5.720000,5.451590,814900
2003-01-02,5.770000,6.110000,5.680000,6.080000,5.794697,997500
2003-01-03,6.050000,6.440000,6.020000,6.250000,5.956720,762600
2003-01-06,6.280000,6.830000,6.250000,6.630000,6.318887,1233300
2003-01-07,6.690000,6.800000,6.380000,6.400000,6.099680,892900
2003-01-08,6.310000,6.390000,6.150000,6.220000,5.928127,515000
2003-01-09,6.600000,6.820000,6.440000,6.490000,6.185457,1114700
2003-01-10,6.230000,7.240000,6.160000,7.220000,6.881202,1503700
2003-01-13,7.320000,7.590000,6.930000,6.940000,6.614341,1166500
2003-01-14,6.990000,7.310000,6.800000,7.020000,6.690587,912300
2003-01-15,6.850000,7.000000,6.410000,6.710000,6.395134,1729200
2003-01-16,6.800000,6.900000,6.330000,6.360000,6.061558,698600
2003-01-17,6.050000,6.230000,5.800000,5.920000,5.642204,1506300
2003-01-21,5.950000,6.170000,5.830000,6.090000,5.804227,1050800
2003-01-22,6.550000,6.650000,6.130000,6.330000,6.032965,3157400
2003-01-23,6.640000,6.740000,6.210000,6.450000,6.147334,1209400
2003-01-24,6.380000,6.450000,6.190000,6.320000,6.023435,796800
2003-01-27,6.180000,6.470000,6.150000,6.210000,5.918597,1045500
2003-01-28,6.260000,6.400000,6.010000,6.240000,5.947188,747200
2003-01-29,6.100000,6.400000,6.050000,6.260000,5.966250,780000
2003-01-30,6.320000,6.430000,5.600000,5.660000,5.394405,1405400
2003-01-31,5.320000,5.390000,4.980000,5.270000,5.022706,2201700
2003-02-03,5.190000,5.300000,5.000000,5.100000,4.860683,1056700
2003-02-04,5.060000,5.090000,4.810000,4.910000,4.679599,1135000
2003-02-05,5.020000,5.120000,4.720000,4.740000,4.517576,1592600
2003-02-06,4.770000,4.980000,4.670000,4.760000,4.536638,981300
2003-02-07,4.830000,4.940000,4.570000,4.630000,4.412738,503600
2003-02-10,4.670000,4.780000,4.510000,4.720000,4.498514,356900
2003-02-11,4.750000,4.990000,4.750000,4.830000,4.603352,767500
2003-02-12,4.850000,4.940000,4.790000,4.880000,4.651006,439900
2003-02-13,5.030000,5.030000,4.750000,4.860000,4.631945,395200
2003-02-14,4.870000,5.160000,4.840000,5.150000,4.908337,392600
2003-02-18,5.250000,5.450000,5.200000,5.380000,5.127545,431100
2003-02-19,5.390000,5.510000,5.270000,5.350000,5.098951,443100
2003-02-20,5.360000,5.530000,5.350000,5.430000,5.175198,258600
2003-02-21,5.540000,5.590000,5.250000,5.380000,5.127545,242600
2003-02-24,5.350000,5.530000,5.260000,5.450000,5.194260,436100
2003-02-25,5.380000,5.420000,5.150000,5.340000,5.089421,407100
2003-02-26,5.350000,5.350000,5.080000,5.120000,4.879744,452700
2003-02-27,5.150000,5.650000,5.050000,5.540000,5.280035,1196600
2003-02-28,5.600000,5.730000,5.300000,5.530000,5.270506,1427600
2003-03-03,5.550000,5.700000,5.250000,5.270000,5.022706,494700
2003-03-04,5.280000,5.330000,4.920000,4.960000,4.727253,690900
2003-03-05,4.960000,5.000000,4.600000,4.800000,4.574760,1347600
2003-03-06,4.800000,4.870000,4.600000,4.670000,4.450861,904200
2003-03-07,4.570000,4.690000,4.470000,4.570000,4.355554,593400
2003-03-10,4.530000,4.580000,4.420000,4.420000,4.212592,208000
2003-03-11,4.420000,4.640000,4.400000,4.530000,4.317430,322400
2003-03-12,4.550000,4.600000,4.390000,4.460000,4.250715,970000
2003-03-13,4.780000,5.140000,4.750000,5.060000,4.822560,1352200
2003-03-14,5.150000,5.290000,4.970000,5.040000,4.803498,568100
2003-03-17,4.900000,5.550000,4.900000,5.350000,5.098951,898800
2003-03-18,5.600000,5.640000,5.420000,5.620000,5.356282,2050800
2003-03-19,5.560000,5.650000,5.480000,5.550000,5.289567,1668400
2003-03-20,5.230000,5.720000,5.050000,5.590000,5.327690,975500
2003-03-21,5.760000,5.790000,5.560000,5.680000,5.413466,620900
2003-03-24,5.450000,5.600000,5.400000,5.470000,5.213321,809400
2003-03-25,5.460000,5.590000,5.300000,5.450000,5.194260,281300
2003-03-26,5.500000,5.600000,5.210000,5.370000,5.118013,721400
2003-03-27,5.300000,5.340000,5.200000,5.250000,5.003644,343300
2003-03-28,5.200000,5.230000,5.000000,5.050000,4.813029,270900
2003-03-31,4.910000,5.000000,4.750000,4.750000,4.527107,489700
2003-04-01,4.710000,4.850000,4.610000,4.720000,4.498514,563300
2003-04-02,4.860000,5.140000,4.850000,5.040000,4.803498,519800
2003-04-03,5.050000,5.090000,4.890000,4.890000,4.660538,501700
2003-04-04,4.950000,5.140000,4.900000,5.080000,4.841621,749700
2003-04-07,5.400000,5.500000,5.240000,5.310000,5.060829,533900
2003-04-08,5.210000,5.280000,5.080000,5.240000,4.994113,385600
2003-04-09,5.250000,5.270000,4.980000,5.000000,4.765375,429800
2003-04-10,5.050000,5.060000,4.840000,4.950000,4.717721,393400
2003-04-11,5.000000,5.230000,4.950000,4.990000,4.755844,554500
2003-04-14,5.090000,5.120000,4.770000,4.960000,4.727253,629000
2003-04-15,4.950000,5.200000,4.800000,4.950000,4.717721,384200
2003-04-16,5.150000,5.250000,4.980000,5.030000,4.793968,331300
2003-04-17,5.150000,5.430000,4.990000,5.370000,5.118013,749200
2003-04-21,5.500000,6.190000,5.450000,6.040000,5.756574,1916200
2003-04-22,6.030000,6.250000,5.730000,6.200000,5.909065,1321000
2003-04-23,5.740000,5.750000,5.280000,5.630000,5.365813,3214100
2003-04-24,5.540000,5.610000,5.310000,5.350000,5.098951,501600
2003-04-25,5.300000,5.310000,4.920000,5.040000,4.803498,889100
2003-04-28,5.050000,5.240000,5.000000,5.190000,4.946459,759600
2003-04-29,5.310000,5.470000,5.100000,5.240000,4.994113,628800
2003-04-30,5.250000,5.400000,5.150000,5.180000,4.936929,598900
2003-05-01,5.220000,5.290000,5.010000,5.070000,4.832090,467800
2003-05-02,5.120000,5.440000,5.070000,5.350000,5.098951,527200
2003-05-05,5.370000,5.730000,5.340000,5.690000,5.422997,1591700
2003-05-06,5.660000,5.940000,5.590000,5.730000,5.461120,1325600
2003-05-07,5.630000,5.660000,5.350000,5.450000,5.194260,1167400
2003-05-08,5.450000,5.480000,5.300000,5.370000,5.118013,674500
2003-05-09,5.430000,5.590000,5.410000,5.450000,5.194260,612600
2003-05-12,5.400000,5.600000,5.390000,5.560000,5.299097,505400
2003-05-13,5.540000,5.740000,5.430000,5.650000,5.384874,433700
2003-05-14,5.630000,5.730000,5.450000,5.710000,5.442059,577500
2003-05-15,5.710000,5.780000,5.300000,5.480000,5.222851,689300
2003-05-16,5.260000,5.480000,5.200000,5.260000,5.013175,602400
2003-05-19,5.300000,5.300000,5.090000,5.100000,4.860683,455600
2003-05-20,5.220000,5.300000,5.120000,5.290000,5.041767,791800
2003-05-21,5.250000,5.300000,5.180000,5.210000,4.965522,256600
2003-05-22,5.200000,5.960000,5.200000,5.760000,5.489712,2024900
2003-05-23,5.850000,5.850000,5.500000,5.620000,5.356282,773000
2003-05-27,5.550000,6.470000,5.500000,6.260000,5.966250,2014500
2003-05-28,6.250000,6.280000,5.980000,6.000000,5.718450,852700
2003-05-29,6.010000,6.390000,6.000000,6.230000,5.937658,1189800
2003-05-30,6.640000,6.690000,6.110000,6.300000,6.004374,1586400
2003-06-02,6.230000,6.550000,6.150000,6.200000,5.909065,1320800
2003-06-03,6.130000,6.380000,6.130000,6.260000,5.966250,529400
2003-06-04,6.430000,6.750000,6.210000,6.700000,6.385602,707200
2003-06-05,6.700000,7.730000,6.200000,7.460000,7.109940,3056600
2003-06-06,7.840000,8.000000,7.080000,7.210000,6.871672,1394800
2003-06-09,7.210000,7.210000,6.700000,6.770000,6.452318,824200
2003-06-10,6.500000,6.740000,6.420000,6.670000,6.357011,792900
2003-06-11,6.590000,6.690000,6.440000,6.580000,6.271234,993700
2003-06-12,6.650000,6.700000,6.470000,6.580000,6.271234,361300
2003-06-13,6.670000,6.680000,6.180000,6.220000,5.928127,470800
2003-06-16,6.230000,6.330000,5.990000,6.320000,6.023435,588400
2003-06-17,6.410000,6.450000,6.110000,6.350000,6.052027,541100
2003-06-18,6.370000,6.640000,6.220000,6.570000,6.261704,1056200
2003-06-19,6.600000,6.900000,6.500000,6.570000,6.261704,945600
2003-06-20,6.550000,6.650000,6.180000,6.260000,5.966250,641400
2003-06-23,6.300000,6.500000,5.750000,5.750000,5.480182,1338800
2003-06-24,5.850000,5.860000,5.500000,5.670000,5.403936,784900
2003-06-25,5.650000,6.130000,5.640000,5.960000,5.680328,771000
2003-06-26,6.030000,6.250000,5.940000,6.220000,5.928127,335200
2003-06-27,6.180000,6.500000,6.160000,6.290000,5.994843,775000
2003-06-30,6.330000,6.520000,6.190000,6.390000,6.090149,407300
2003-07-01,6.340000,6.350000,5.990000,6.190000,5.899536,477100
2003-07-02,6.230000,6.530000,6.170000,6.460000,6.156865,922000
2003-07-03,6.340000,6.500000,6.250000,6.250000,5.956720,249500
2003-07-07,6.340000,7.070000,6.320000,7.040000,6.709648,1193900
2003-07-08,6.940000,7.370000,6.910000,7.140000,6.804956,1449200
2003-07-09,7.130000,7.910000,6.970000,7.730000,7.367270,1884000
2003-07-10,7.580000,7.850000,7.440000,7.570000,7.214778,1127000
2003-07-11,7.550000,7.730000,7.380000,7.540000,7.186186,454700
2003-07-14,7.720000,8.350000,7.710000,8.130000,7.748500,1432300
2003-07-15,8.300000,8.850000,8.290000,8.620000,8.215507,2161400
2003-07-16,8.750000,8.800000,8.210000,8.520000,8.120202,980900
2003-07-17,8.250000,8.390000,7.710000,7.730000,7.367270,1106200
2003-07-18,7.750000,7.850000,7.410000,7.500000,7.148064,848500
2003-07-21,7.620000,7.650000,7.050000,7.210000,6.871672,822400
2003-07-22,7.300000,7.610000,7.160000,7.480000,7.129002,1033900
2003-07-23,7.550000,8.160000,7.500000,8.150000,7.767561,1799000
2003-07-24,8.400000,9.200000,8.250000,8.440000,8.043954,3050100
2003-07-25,9.050000,9.070000,8.550000,8.760000,8.348938,1546300
2003-07-28,8.750000,9.100000,8.710000,8.990000,8.568146,1136200
2003-07-29,8.930000,9.100000,8.650000,8.940000,8.520492,753400
2003-07-30,8.960000,8.990000,8.280000,8.280000,7.891462,914200
2003-07-31,8.550000,8.940000,8.470000,8.670000,8.263162,1104000
2003-08-01,8.530000,8.810000,8.450000,8.690000,8.282222,678100
2003-08-04,9.100000,9.430000,8.900000,9.370000,8.930313,1734900
2003-08-05,9.430000,9.580000,9.020000,9.060000,8.634860,1160700
2003-08-06,9.130000,9.460000,8.970000,9.220000,8.787353,1175800
2003-08-07,9.160000,9.310000,8.520000,8.640000,8.234571,1339700
2003-08-08,8.750000,8.750000,8.070000,8.180000,7.796155,694400
2003-08-11,8.150000,8.710000,8.150000,8.520000,8.120202,707200
2003-08-12,8.610000,8.850000,8.450000,8.830000,8.415653,473900
2003-08-13,8.830000,9.280000,8.750000,9.190000,8.758759,649700
2003-08-14,9.010000,9.330000,9.010000,9.200000,8.768291,400200
2003-08-15,9.250000,9.600000,8.850000,9.320000,8.882658,564300
2003-08-18,9.390000,10.190000,9.310000,10.130000,9.654650,1470800
2003-08-19,10.190000,10.430000,9.900000,10.400000,9.911979,1409500
2003-08-20,10.040000,10.940000,9.990000,10.660000,10.159781,2195900
2003-08-21,10.830000,11.480000,10.790000,11.400000,10.865056,2287700
2003-08-22,11.550000,12.450000,11.460000,11.560000,11.017548,2869300
2003-08-25,11.390000,11.620000,11.020000,11.120000,10.598194,1235100
2003-08-26,10.880000,11.060000,10.550000,10.890000,10.378988,1110000
2003-08-27,10.830000,11.480000,10.810000,11.360000,10.826932,1258800
2003-08-28,11.490000,12.010000,11.440000,11.930000,11.370186,1041800
2003-08-29,11.900000,12.000000,11.650000,11.740000,11.189102,550200
2003-09-02,11.800000,11.940000,11.480000,11.640000,11.093796,990600
2003-09-03,11.650000,12.730000,11.490000,12.380000,11.799071,2718700
2003-09-04,12.600000,12.710000,12.260000,12.300000,11.722822,2109600
2003-09-05,12.240000,12.610000,11.960000,12.390000,11.808602,1623900
2003-09-08,12.400000,12.980000,12.400000,12.950000,12.342321,1596100
2003-09-09,12.860000,13.250000,12.650000,12.900000,12.294668,1583500
2003-09-10,12.180000,12.400000,11.500000,11.550000,11.008018,3562800
2003-09-11,11.570000,11.760000,11.080000,11.660000,11.112855,1671000
2003-09-12,11.390000,11.990000,11.320000,11.890000,11.332063,819300
2003-09-15,13.060000,13.160000,12.190000,12.230000,11.656109,2447100
2003-09-16,12.400000,12.750000,12.360000,12.730000,12.132646,1034200
2003-09-17,12.700000,12.920000,12.460000,12.520000,11.932501,766700
2003-09-18,12.200000,12.520000,12.160000,12.450000,11.865784,1004900
2003-09-19,12.300000,12.520000,12.240000,12.300000,11.722822,509500
2003-09-22,12.080000,12.150000,11.710000,11.990000,11.427370,722600
2003-09-23,12.100000,12.450000,11.930000,12.420000,11.837193,635800
2003-09-24,12.240000,12.450000,11.410000,11.460000,10.922240,881100
2003-09-25,11.620000,11.760000,10.950000,11.020000,10.502889,1043100
2003-09-26,11.050000,11.240000,10.470000,10.470000,9.978697,1219600
2003-09-29,10.650000,11.470000,10.620000,11.290000,10.760217,1749300
2003-09-30,11.460000,11.500000,10.820000,10.850000,10.340864,762800
2003-10-01,10.880000,11.290000,10.830000,11.100000,10.579135,798900
2003-10-02,11.010000,11.510000,10.950000,11.130000,10.607726,658900
2003-10-03,11.410000,12.240000,11.360000,11.870000,11.313001,1095600
2003-10-06,11.720000,11.980000,11.660000,11.750000,11.198633,579000
2003-10-07,11.430000,12.290000,11.430000,12.050000,11.484554,1078100
2003-10-08,12.050000,12.280000,11.660000,11.880000,11.322532,744000
2003-10-09,12.150000,12.300000,11.830000,12.030000,11.465492,710100
2003-10-10,12.070000,12.140000,11.740000,11.960000,11.398777,547000
2003-10-13,12.090000,12.550000,12.050000,12.330000,11.751415,665700
2003-10-14,12.000000,12.300000,12.000000,12.210000,11.637045,724700
2003-10-15,12.180000,13.000000,12.120000,12.580000,11.989685,1814600
2003-10-16,12.360000,13.070000,12.340000,13.040000,12.428099,1303000
2003-10-17,12.870000,12.930000,12.450000,12.470000,11.884846,885200
2003-10-20,12.550000,12.700000,12.420000,12.590000,11.999216,600000
2003-10-21,12.900000,13.620000,12.660000,13.470000,12.837922,2011000
2003-10-22,13.300000,13.300000,12.460000,12.650000,12.056400,1268000
2003-10-23,12.050000,12.230000,11.810000,12.010000,11.446432,1037200
2003-10-24,11.940000,12.360000,11.800000,12.270000,11.694232,1076200
2003-10-27,12.350000,12.750000,12.350000,12.640000,12.046869,747800
2003-10-28,13.140000,14.000000,13.050000,14.000000,13.343050,2876100
2003-10-29,13.680000,14.800000,13.460000,14.790000,14.095982,3493800
2003-10-30,15.000000,15.600000,14.480000,15.070000,14.362842,2430600
2003-10-31,15.000000,15.190000,14.400000,14.730000,14.038796,1261500
2003-11-03,14.920000,15.610000,14.880000,15.440000,14.715480,1892200
2003-11-04,15.350000,16.860001,15.250000,16.420000,15.649492,3991600
2003-11-05,16.209999,16.879999,15.900000,16.700001,15.916356,2579500
2003-11-06,16.700001,16.940001,16.450001,16.860001,16.068846,1377200
2003-11-07,16.900000,16.900000,15.080000,16.350000,15.582777,1833400
2003-11-10,16.299999,16.389999,15.290000,15.330000,14.610641,1445500
2003-11-11,15.240000,15.800000,15.110000,15.560000,14.829848,1618100
2003-11-12,15.560000,16.700001,15.560000,16.559999,15.782925,2243900
2003-11-13,16.370001,17.200001,16.000000,16.410000,15.639961,2446400
2003-11-14,16.330000,16.709999,15.750000,15.940000,15.192017,2405500
2003-11-17,16.440001,17.070000,15.690000,16.900000,16.106972,4422800
2003-11-18,17.010000,17.180000,16.150000,16.330000,15.563716,2346800
2003-11-19,16.490000,16.680000,16.250000,16.639999,15.859169,913700
2003-11-20,16.370001,16.969999,15.970000,16.059999,15.306386,1851500
2003-11-21,15.500000,15.740000,15.220000,15.360000,14.639232,7499400
2003-11-24,15.700000,16.200001,15.560000,16.170000,15.411223,2528600
2003-11-25,16.170000,16.440001,16.049999,16.150000,15.392162,1997500
2003-11-26,16.410000,16.700001,15.910000,16.219999,15.458877,1329600
2003-11-28,16.240000,16.500000,16.000000,16.440001,15.668556,367000
2003-12-01,16.889999,16.940001,16.129999,16.480000,15.706678,1381900
2003-12-02,16.420000,16.500000,16.180000,16.250000,15.487471,2242900
2003-12-03,16.420000,16.559999,15.300000,15.390000,14.667827,2327100
2003-12-04,15.550000,15.600000,14.550000,14.880000,14.181758,2858100
2003-12-05,14.610000,14.610000,14.010000,14.250000,13.581320,1986900
2003-12-08,14.460000,14.710000,14.090000,14.480000,13.800527,2402100
2003-12-09,14.650000,14.880000,13.770000,14.000000,13.343050,2003200
2003-12-10,13.700000,14.200000,13.280000,13.550000,12.914167,1864700
2003-12-11,13.530000,14.300000,13.280000,14.300000,13.628973,1044100
2003-12-12,14.430000,14.570000,14.150000,14.510000,13.829122,1097100
2003-12-15,15.430000,15.460000,13.480000,13.500000,12.866514,1785300
2003-12-16,13.700000,13.900000,13.360000,13.760000,13.114313,2246700
2003-12-17,13.840000,13.910000,13.360000,13.660000,13.019005,853100
2003-12-18,13.530000,14.440000,13.510000,14.270000,13.600381,1591300
2003-12-19,14.250000,14.400000,13.900000,14.100000,13.438358,1050600
2003-12-22,14.000000,14.240000,13.670000,13.800000,13.152436,760300
2003-12-23,13.840000,14.170000,13.680000,14.010000,13.352582,1127800
2003-12-24,14.090000,14.180000,13.910000,14.000000,13.343050,322600
2003-12-26,14.100000,14.320000,14.020000,14.160000,13.495544,218000
2003-12-29,14.360000,14.600000,14.300000,14.580000,13.895835,677700
2003-12-30,14.600000,14.870000,14.450000,14.550000,13.867243,972400
2003-12-31,14.460000,14.700000,13.950000,14.380000,13.705219,1035800
2004-01-02,14.290000,14.550000,14.050000,14.050000,13.390707,828600
2004-01-05,14.270000,14.980000,14.120000,14.930000,14.229411,1599600
2004-01-06,15.000000,15.400000,14.350000,15.150000,14.439087,1543700
2004-01-07,15.100000,15.520000,14.600000,15.500000,14.772663,1817000
2004-01-08,15.750000,15.800000,14.510000,14.950000,14.248472,2313000
2004-01-09,14.850000,15.500000,14.610000,15.100000,14.391436,2950000
2004-01-12,15.200000,15.490000,14.900000,15.470000,14.744073,1305500
2004-01-13,15.320000,15.450000,14.760000,14.940000,14.238942,1220000
2004-01-14,15.030000,15.160000,14.510000,14.700000,14.010204,1087500
2004-01-15,14.620000,15.100000,14.400000,14.850000,14.153166,1237700
2004-01-16,14.880000,15.530000,14.880000,15.200000,14.486742,1629200
2004-01-20,15.390000,16.719999,15.030000,16.639999,15.859169,3578800
2004-01-21,16.400000,16.400000,15.210000,15.600000,14.867971,2947000
2004-01-22,15.820000,15.980000,14.770000,14.780000,14.086450,2675300
2004-01-23,15.110000,15.150000,13.970000,14.220000,13.552727,2045500
2004-01-26,14.470000,14.580000,14.150000,14.550000,13.867243,1316900
2004-01-27,14.460000,14.550000,13.960000,14.000000,13.343050,1876500
2004-01-28,14.230000,14.470000,13.690000,13.820000,13.171498,2266100
2004-01-29,14.110000,14.360000,13.260000,13.830000,13.181028,3703600
2004-01-30,13.960000,14.750000,13.840000,14.670000,13.981612,2464500
2004-02-02,14.750000,14.870000,13.930000,14.460000,13.781466,2228400
2004-02-03,14.360000,14.460000,13.950000,14.060000,13.400237,917000
2004-02-04,13.780000,14.040000,13.300000,13.300000,12.675899,1752700
2004-02-05,13.590000,13.680000,13.100000,13.530000,12.895105,1036500
2004-02-06,13.690000,14.200000,13.510000,14.200000,13.533667,919000
2004-02-09,14.220000,14.440000,14.020000,14.310000,13.638504,1467100
2004-02-10,14.280000,14.300000,13.720000,13.980000,13.323990,1041700
2004-02-11,14.000000,14.470000,14.000000,14.450000,13.771934,1275300
2004-02-12,14.370000,14.900000,14.370000,14.530000,13.848182,1608500
2004-02-13,14.700000,14.930000,14.230000,14.290000,13.619442,1031600
2004-02-17,14.400000,15.090000,14.400000,14.940000,14.238942,1407900
2004-02-18,14.860000,15.000000,14.560000,14.610000,13.924427,918300
2004-02-19,15.050000,15.190000,14.130000,14.130000,13.466949,1589500
2004-02-20,14.150000,14.200000,13.500000,13.720000,13.076193,1209300
2004-02-23,13.690000,13.830000,12.820000,12.960000,12.351851,2178800
2004-02-24,12.740000,12.750000,12.200000,12.240000,11.665639,4451000
2004-02-25,12.240000,12.900000,12.240000,12.760000,12.161240,2838700
2004-02-26,12.580000,12.990000,12.510000,12.780000,12.180299,1244200
2004-02-27,12.930000,12.970000,12.350000,12.450000,11.865784,2058900
2004-03-01,12.500000,12.910000,12.260000,12.890000,12.285137,1324300
2004-03-02,12.880000,13.200000,12.700000,12.750000,12.151708,1738500
2004-03-03,12.680000,12.720000,12.330000,12.410000,11.827662,710100
2004-03-04,12.380000,13.050000,12.360000,12.850000,12.247015,1250300
2004-03-05,12.580000,13.020000,12.500000,12.720000,12.123116,1081800
2004-03-08,12.770000,12.940000,12.090000,12.100000,11.532207,1074600
2004-03-09,12.190000,12.360000,11.790000,12.010000,11.446432,1251500
2004-03-10,11.980000,12.270000,11.340000,11.490000,10.950833,1879100
2004-03-11,11.300000,12.030000,11.250000,11.380000,10.845995,1687900
2004-03-12,11.640000,12.000000,11.580000,11.870000,11.313001,997000
2004-03-15,11.730000,11.780000,11.120000,11.250000,10.722095,1476000
2004-03-16,11.430000,11.530000,10.840000,11.120000,10.598194,1347200
2004-03-17,11.400000,11.620000,11.230000,11.570000,11.027079,845300
2004-03-18,11.520000,11.690000,11.170000,11.450000,10.912710,880800
2004-03-19,11.550000,11.690000,11.060000,11.170000,10.645849,774400
2004-03-22,10.950000,11.100000,10.700000,10.840000,10.331333,1747500
2004-03-23,11.000000,11.170000,10.510000,10.660000,10.159781,1207100
2004-03-24,10.590000,11.200000,10.580000,10.930000,10.417110,1578800
2004-03-25,11.090000,11.620000,11.000000,11.510000,10.969895,1415700
2004-03-26,11.550000,11.800000,11.420000,11.620000,11.074733,699000
2004-03-29,11.840000,12.110000,11.630000,11.840000,11.284409,1099800
2004-03-30,11.720000,11.910000,11.500000,11.750000,11.198633,866800
2004-03-31,11.780000,11.840000,11.600000,11.700000,11.150979,1756500
2004-04-01,11.590000,12.310000,11.510000,11.810000,11.255818,1645000
2004-04-02,12.250000,12.550000,12.180000,12.550000,11.961093,1248800
2004-04-05,12.660000,12.800000,12.480000,12.740000,12.142176,765100
2004-04-06,12.540000,12.670000,12.230000,12.310000,11.732354,934300
2004-04-07,12.260000,12.570000,11.860000,12.270000,11.694232,1220000
2004-04-08,12.580000,12.710000,12.290000,12.440000,11.856255,673000
2004-04-12,12.370000,12.650000,12.300000,12.500000,11.913440,543200
2004-04-13,12.520000,12.720000,12.060000,12.200000,11.627515,778700
2004-04-14,11.960000,12.440000,11.850000,11.940000,11.379717,993500
2004-04-15,11.940000,12.240000,11.260000,11.540000,10.998487,1153800
2004-04-16,11.550000,11.660000,10.950000,10.950000,10.436172,2031800
2004-04-19,10.960000,11.560000,10.870000,11.500000,10.960364,2270400
2004-04-20,11.530000,11.630000,10.790000,10.850000,10.340864,1112500
2004-04-21,11.360000,11.360000,10.810000,11.110000,10.588664,2463600
2004-04-22,11.120000,11.300000,10.690000,10.840000,10.331333,2299100
2004-04-23,10.870000,11.330000,10.840000,11.310000,10.779278,1843700
2004-04-26,11.390000,11.440000,10.880000,10.940000,10.426642,975100
2004-04-27,10.950000,11.110000,10.560000,10.570000,10.074005,2013900
2004-04-28,10.560000,10.770000,10.330000,10.530000,10.035882,1223200
2004-04-29,10.520000,10.570000,9.900000,10.020000,9.549812,1413300
2004-04-30,10.160000,10.230000,9.740000,9.840000,9.378260,1232500
2004-05-03,10.000000,10.250000,9.610000,9.920000,9.454506,1871800
2004-05-04,10.010000,10.590000,10.010000,10.210000,9.730896,1420500
2004-05-05,10.260000,10.530000,10.200000,10.330000,9.845264,960400
2004-05-06,10.200000,10.370000,10.050000,10.250000,9.769019,1541200
2004-05-07,10.460000,11.270000,10.400000,10.730000,10.226496,2682900
2004-05-10,10.590000,10.940000,10.550000,10.630000,10.131188,1425300
2004-05-11,10.910000,11.200000,10.770000,11.190000,10.664909,833900
2004-05-12,11.180000,11.200000,10.500000,10.890000,10.378988,1034300
2004-05-13,10.950000,11.100000,10.620000,10.740000,10.236027,993600
2004-05-14,10.750000,10.950000,10.250000,10.260000,9.778550,1315800
2004-05-17,9.800000,10.150000,9.770000,9.870000,9.406851,1243200
2004-05-18,10.050000,10.280000,10.010000,10.220000,9.740428,1287100
2004-05-19,10.470000,10.710000,10.180000,10.240000,9.759487,1370700
2004-05-20,10.290000,10.420000,10.050000,10.150000,9.673713,585800
2004-05-21,10.380000,10.500000,10.060000,10.190000,9.711835,671500
2004-05-24,10.390000,10.610000,10.320000,10.500000,10.007288,520200
2004-05-25,10.500000,10.930000,10.320000,10.900000,10.388520,696800
2004-05-26,10.930000,11.110000,10.570000,11.060000,10.541012,845800
2004-05-27,11.110000,11.270000,11.010000,11.140000,10.617256,759800
2004-05-28,11.260000,11.480000,11.100000,11.450000,10.912710,733300
2004-06-01,11.250000,11.370000,11.010000,11.350000,10.817402,800500
2004-06-02,11.430000,11.430000,10.790000,10.850000,10.340864,835300
2004-06-03,10.820000,10.830000,10.420000,10.420000,9.931045,630400
2004-06-04,10.680000,10.950000,10.650000,10.890000,10.378988,724400
2004-06-07,11.050000,11.170000,10.830000,11.080000,10.560071,790100
2004-06-08,11.100000,11.100000,10.800000,10.840000,10.331333,1142200
2004-06-09,11.250000,11.310000,10.510000,10.570000,10.074005,1895600
2004-06-10,10.690000,10.820000,10.500000,10.690000,10.188373,1027000
2004-06-14,10.560000,10.620000,10.440000,10.560000,10.064474,962000
2004-06-15,10.790000,10.790000,10.600000,10.730000,10.226496,997200
2004-06-16,10.750000,10.750000,10.420000,10.520000,10.026351,586700
2004-06-17,10.480000,10.480000,10.090000,10.090000,9.616528,1031500
2004-06-18,10.000000,10.360000,9.950000,10.140000,9.664180,941600
2004-06-21,10.140000,10.430000,10.010000,10.090000,9.616528,771100
2004-06-22,10.070000,10.560000,10.010000,10.560000,10.064474,711900
2004-06-23,10.600000,10.870000,10.360000,10.830000,10.321803,816400
2004-06-24,10.550000,10.590000,10.050000,10.440000,9.950103,4944500
2004-06-25,10.360000,10.840000,10.170000,10.600000,10.102598,3446600
2004-06-28,10.660000,10.690000,10.270000,10.320000,9.835735,1812600
2004-06-29,10.270000,10.660000,10.270000,10.650000,10.150249,2002100
2004-06-30,10.730000,10.970000,10.640000,10.960000,10.445703,1164000
2004-07-01,10.920000,10.950000,10.210000,10.270000,9.788083,1626700
2004-07-02,10.260000,10.350000,9.910000,10.030000,9.559341,1388900
2004-07-06,9.910000,9.910000,9.200000,9.380000,8.939844,2633300
2004-07-07,9.450000,9.750000,9.310000,9.330000,8.892190,1118500
2004-07-08,9.290000,9.550000,9.110000,9.280000,8.844536,1108900
2004-07-09,9.330000,9.550000,9.230000,9.270000,8.835008,724900
2004-07-12,9.130000,9.140000,8.620000,8.860000,8.444245,2349600
2004-07-13,8.760000,9.060000,8.760000,8.870000,8.453777,1841800
2004-07-14,8.690000,8.750000,8.400000,8.490000,8.091608,1224600
2004-07-15,8.510000,8.800000,8.370000,8.500000,8.101139,1243300
2004-07-16,8.490000,8.700000,8.320000,8.360000,7.967707,1906800
2004-07-19,8.320000,8.560000,8.320000,8.330000,7.939115,1536500
2004-07-20,8.410000,8.710000,8.350000,8.670000,8.263162,1558200
2004-07-21,8.970000,9.230000,8.270000,8.270000,7.881930,3991400
2004-07-22,8.320000,8.450000,7.940000,8.290000,7.900994,2312900
2004-07-23,8.180000,8.300000,7.600000,7.670000,7.310086,2077600
2004-07-26,7.650000,7.830000,7.450000,7.620000,7.262433,1488900
2004-07-27,7.710000,7.920000,7.650000,7.890000,7.519762,1289000
2004-07-28,7.700000,7.730000,7.210000,7.360000,7.014633,1618700
2004-07-29,7.520000,7.850000,7.500000,7.770000,7.405394,1310100
2004-07-30,7.660000,8.030000,7.660000,7.810000,7.443516,1183200
2004-08-02,7.870000,7.900000,7.530000,7.730000,7.367270,1479300
2004-08-03,7.680000,7.760000,7.320000,7.380000,7.033694,1256300
2004-08-04,7.430000,7.500000,7.160000,7.400000,7.052756,802700
2004-08-05,7.380000,7.460000,7.200000,7.220000,6.881202,677200
2004-08-06,7.090000,7.240000,6.930000,6.980000,6.652463,758800
2004-08-09,6.960000,7.160000,6.960000,7.030000,6.700119,564900
2004-08-10,7.040000,7.140000,6.850000,7.020000,6.690587,936600
2004-08-11,5.430000,5.520000,5.150000,5.260000,5.013175,11561900
2004-08-12,5.310000,5.340000,5.040000,5.150000,4.908337,2836200
2004-08-13,5.170000,5.250000,4.800000,5.050000,4.813029,1884800
2004-08-16,5.110000,5.250000,5.060000,5.070000,4.832090,1095600
2004-08-17,5.170000,5.280000,5.120000,5.250000,5.003644,950200
2004-08-18,5.150000,5.480000,5.140000,5.480000,5.222851,1466200
2004-08-19,5.530000,5.630000,5.420000,5.510000,5.251444,1237800
2004-08-20,5.520000,5.760000,5.500000,5.740000,5.470652,967800
2004-08-23,5.830000,5.900000,5.570000,5.630000,5.365813,859100
2004-08-24,5.740000,5.750000,5.490000,5.530000,5.270506,1008700
2004-08-25,5.530000,5.820000,5.460000,5.740000,5.470652,1206500
2004-08-26,5.710000,5.860000,5.700000,5.760000,5.489712,1006600
2004-08-27,5.840000,5.850000,5.680000,5.690000,5.422997,577200
2004-08-30,5.740000,5.750000,5.500000,5.570000,5.308628,596300
2004-08-31,5.590000,5.620000,5.350000,5.480000,5.222851,593000
2004-09-01,5.470000,6.110000,5.410000,5.440000,5.184729,1177000
2004-09-02,5.450000,5.640000,5.330000,5.630000,5.365813,861800
2004-09-03,5.530000,5.630000,5.400000,5.480000,5.222851,620900
2004-09-07,5.510000,5.580000,5.270000,5.290000,5.041767,844800
2004-09-08,5.330000,5.490000,5.280000,5.390000,5.137074,800000
2004-09-09,5.450000,5.690000,5.380000,5.640000,5.375343,1139600
2004-09-10,5.690000,5.940000,5.610000,5.820000,5.546898,1109200
2004-09-13,5.900000,5.970000,5.670000,5.920000,5.642204,1070600
2004-09-14,5.950000,5.950000,5.730000,5.880000,5.604081,903900
2004-09-15,5.880000,5.880000,5.650000,5.760000,5.489712,783500
2004-09-16,5.870000,6.000000,5.680000,5.740000,5.470652,826900
2004-09-17,5.810000,5.910000,5.490000,5.770000,5.499243,882200
2004-09-20,5.750000,6.190000,5.700000,5.990000,5.708920,1107000
2004-09-21,5.990000,6.070000,5.760000,5.920000,5.642204,1175000
2004-09-22,5.830000,5.900000,5.700000,5.720000,5.451590,1036300
2004-09-23,5.690000,5.840000,5.670000,5.730000,5.461120,593900
2004-09-24,5.730000,5.750000,5.450000,5.510000,5.251444,1222800
2004-09-27,5.370000,5.630000,5.350000,5.450000,5.194260,672400
2004-09-28,5.540000,5.550000,5.310000,5.420000,5.165667,863300
2004-09-29,5.530000,5.860000,5.480000,5.670000,5.403936,1665300
2004-09-30,5.580000,5.800000,5.580000,5.650000,5.384874,746200
2004-10-01,5.710000,6.090000,5.700000,6.030000,5.747043,979200
2004-10-04,6.230000,6.500000,6.150000,6.330000,6.032965,1293300
2004-10-05,6.330000,6.650000,6.280000,6.460000,6.156865,1048200
2004-10-06,6.430000,6.480000,6.270000,6.430000,6.128273,671800
2004-10-07,6.450000,6.520000,6.370000,6.430000,6.128273,642500
2004-10-08,6.300000,6.450000,6.240000,6.240000,5.947188,1201300
2004-10-11,6.270000,6.340000,6.070000,6.230000,5.937658,606200
2004-10-12,6.070000,6.330000,6.000000,6.270000,5.975781,810400
2004-10-13,6.450000,6.500000,6.140000,6.140000,5.851881,767700
2004-10-14,6.120000,6.190000,5.960000,6.000000,5.718450,527700
2004-10-15,5.990000,6.110000,5.860000,5.880000,5.604081,440200
2004-10-18,5.950000,6.120000,5.790000,6.070000,5.785165,1163300
2004-10-19,6.260000,6.420000,6.150000,6.200000,5.909065,1486800
2004-10-20,6.160000,6.490000,6.070000,6.470000,6.166395,1384200
2004-10-21,6.490000,7.180000,6.440000,7.110000,6.776363,2197200
2004-10-22,7.210000,7.230000,6.860000,6.910000,6.585749,1197800
2004-10-25,6.760000,6.980000,6.500000,6.950000,6.623872,1065200
2004-10-26,6.830000,6.920000,6.710000,6.810000,6.490442,848800
2004-10-27,6.820000,7.290000,6.700000,7.170000,6.833548,688700
2004-10-28,7.130000,7.290000,7.040000,7.200000,6.862142,704000
2004-10-29,7.150000,7.250000,7.070000,7.140000,6.804956,844500
2004-11-01,7.240000,7.290000,7.100000,7.180000,6.843079,540400
2004-11-02,7.220000,7.280000,7.070000,7.160000,6.824018,777900
2004-11-03,7.360000,7.520000,7.050000,7.210000,6.871672,1085000
2004-11-04,7.100000,7.100000,6.910000,6.960000,6.633403,1836300
2004-11-05,7.050000,7.150000,6.970000,7.040000,6.709648,1329600
2004-11-08,7.030000,7.090000,6.770000,6.850000,6.528564,1233800
2004-11-09,6.800000,6.920000,6.790000,6.890000,6.566687,674200
2004-11-10,6.940000,6.940000,6.610000,6.690000,6.376072,594600
2004-11-11,6.720000,6.800000,6.620000,6.740000,6.423726,663400
2004-11-12,6.750000,6.880000,6.660000,6.880000,6.557157,500900
2004-11-15,6.970000,7.490000,6.850000,7.430000,7.081347,1895700
2004-11-16,7.290000,7.400000,7.150000,7.210000,6.871672,908100
2004-11-17,7.320000,7.750000,6.810000,7.610000,7.252901,1387200
2004-11-18,7.500000,7.700000,7.450000,7.600000,7.243371,1704900
2004-11-19,7.720000,7.760000,7.430000,7.440000,7.090879,964000
2004-11-22,7.300000,7.550000,7.180000,7.400000,7.052756,942500
2004-11-23,7.290000,7.360000,7.100000,7.170000,6.833548,1217800
2004-11-24,7.280000,7.310000,7.150000,7.190000,6.852610,829200
2004-11-26,7.180000,7.260000,7.100000,7.100000,6.766833,311200
2004-11-29,7.340000,7.400000,7.150000,7.300000,6.957448,1457800
2004-11-30,7.340000,7.510000,7.290000,7.480000,7.129002,1226500
2004-12-01,7.460000,7.840000,7.450000,7.840000,7.472110,1374400
2004-12-02,8.030000,8.750000,7.900000,8.440000,8.043954,4067600
2004-12-03,8.700000,9.180000,8.600000,9.100000,8.672984,3080700
2004-12-06,9.000000,9.210000,8.920000,9.090000,8.663453,1304400
2004-12-07,9.100000,9.300000,8.730000,8.780000,8.368001,1486200
2004-12-08,8.750000,8.820000,8.540000,8.650000,8.244099,908400
2004-12-09,8.440000,8.600000,8.110000,8.410000,8.015361,1983500
2004-12-10,8.310000,8.490000,8.280000,8.330000,7.939115,791500
2004-12-13,8.500000,8.560000,8.350000,8.510000,8.110669,877600
2004-12-14,8.450000,8.790000,8.450000,8.750000,8.339407,974500
2004-12-15,8.840000,9.030000,8.770000,8.900000,8.482368,994600
2004-12-16,8.600000,8.850000,8.340000,8.410000,8.015361,1460000
2004-12-17,8.420000,8.420000,8.150000,8.300000,7.910524,1040200
2004-12-20,8.250000,8.450000,8.250000,8.340000,7.948647,779000
2004-12-21,8.320000,8.650000,8.320000,8.580000,8.177383,955100
2004-12-22,8.580000,8.700000,8.420000,8.540000,8.139261,812000
2004-12-23,8.610000,8.830000,8.580000,8.640000,8.234571,621100
2004-12-27,8.800000,8.980000,8.660000,8.730000,8.320345,815500
2004-12-28,8.770000,8.830000,8.660000,8.710000,8.301285,430900
2004-12-29,8.660000,8.800000,8.290000,8.620000,8.215507,648700
2004-12-30,8.610000,8.760000,8.570000,8.680000,8.272693,501800
2004-12-31,8.560000,8.820000,8.550000,8.620000,8.215507,610500
2005-01-03,8.630000,8.680000,8.090000,8.280000,7.891462,1015700
2005-01-04,8.290000,8.350000,7.640000,7.750000,7.386332,1798100
2005-01-05,7.550000,7.780000,7.450000,7.550000,7.195718,1681800
2005-01-06,7.550000,7.680000,7.300000,7.410000,7.062286,1105000
2005-01-07,7.400000,7.500000,7.250000,7.310000,6.966980,1327700
2005-01-10,7.280000,7.350000,7.030000,7.090000,6.757302,1485500
2005-01-11,7.010000,7.040000,6.810000,6.880000,6.557157,1310900
2005-01-12,7.050000,7.260000,7.040000,7.210000,6.871672,1185800
2005-01-13,7.250000,7.280000,6.980000,7.010000,6.681057,839300
2005-01-14,7.000000,7.200000,7.000000,7.030000,6.700119,637600
2005-01-18,6.990000,7.160000,6.930000,7.090000,6.757302,727200
2005-01-19,7.160000,7.160000,6.670000,6.730000,6.414196,1013300
2005-01-20,6.550000,6.720000,6.380000,6.460000,6.156865,1166900
2005-01-21,6.500000,6.640000,6.300000,6.420000,6.118742,939300
2005-01-24,6.420000,6.490000,6.160000,6.230000,5.937658,1399400
2005-01-25,6.260000,6.470000,6.180000,6.200000,5.909065,908500
2005-01-26,6.250000,6.470000,6.210000,6.440000,6.137804,734800
2005-01-27,6.100000,6.700000,5.900000,6.550000,6.242642,1527800
2005-01-28,6.660000,6.660000,6.280000,6.430000,6.128273,786900
2005-01-31,6.670000,6.740000,6.530000,6.670000,6.357011,1248800
2005-02-01,6.700000,6.760000,6.440000,6.690000,6.376072,1283800
2005-02-02,6.730000,6.750000,6.540000,6.650000,6.337949,855100
2005-02-03,6.660000,6.660000,6.400000,6.480000,6.175926,871700
2005-02-04,6.380000,6.830000,6.370000,6.810000,6.490442,719200
2005-02-07,6.830000,6.890000,6.600000,6.630000,6.318887,616500
2005-02-08,6.780000,6.810000,6.600000,6.800000,6.480911,798500
2005-02-09,6.800000,6.870000,6.590000,6.610000,6.299826,661900
2005-02-10,6.700000,6.780000,6.440000,6.700000,6.385602,659700
2005-02-11,6.740000,7.100000,6.550000,7.010000,6.681057,1097600
2005-02-14,7.050000,7.070000,6.700000,6.820000,6.499972,738800
2005-02-15,6.850000,7.230000,6.820000,7.200000,6.862142,1399500
2005-02-16,7.100000,7.200000,6.970000,7.030000,6.700119,877300
2005-02-17,7.070000,7.110000,6.700000,6.730000,6.414196,583300
2005-02-18,6.840000,6.900000,6.550000,6.820000,6.499972,424700
2005-02-22,6.750000,6.990000,6.580000,6.600000,6.290296,666900
2005-02-23,6.600000,6.730000,6.390000,6.410000,6.109211,866800
2005-02-24,6.400000,6.650000,6.350000,6.570000,6.261704,866200
2005-02-25,6.530000,6.670000,6.480000,6.630000,6.318887,804100
2005-02-28,6.520000,6.780000,6.410000,6.480000,6.175926,1539000
2005-03-01,6.600000,7.010000,6.500000,6.930000,6.604810,2345800
2005-03-02,6.900000,6.920000,6.690000,6.830000,6.509502,1851500
2005-03-03,7.080000,7.330000,6.870000,7.270000,6.928856,2777300
2005-03-04,7.400000,7.500000,7.150000,7.240000,6.900263,1817700
2005-03-07,7.240000,7.480000,7.240000,7.280000,6.938387,750000
2005-03-08,7.330000,7.450000,7.150000,7.160000,6.824018,573100
2005-03-09,7.180000,7.350000,7.100000,7.140000,6.804956,589500
2005-03-10,7.080000,7.290000,7.070000,7.140000,6.804956,593800
2005-03-11,7.110000,7.270000,7.000000,7.010000,6.681057,611300
2005-03-14,6.840000,7.140000,6.810000,7.090000,6.757302,600100
2005-03-15,7.060000,7.200000,6.960000,7.000000,6.671525,589900
2005-03-16,6.900000,7.110000,6.790000,6.850000,6.528564,814900
2005-03-17,6.870000,7.020000,6.840000,7.000000,6.671525,889700
2005-03-18,6.960000,7.070000,6.550000,6.760000,6.442788,1472300
2005-03-21,6.640000,6.760000,6.480000,6.560000,6.252172,728900
2005-03-22,6.500000,6.680000,6.290000,6.340000,6.042496,945800
2005-03-23,6.290000,6.480000,6.290000,6.400000,6.099680,751000
2005-03-24,6.430000,6.610000,6.390000,6.480000,6.175926,870900
2005-03-28,6.440000,6.650000,6.350000,6.410000,6.109211,521000
2005-03-29,6.370000,6.480000,6.180000,6.220000,5.928127,505500
2005-03-30,6.180000,6.400000,6.180000,6.400000,6.099680,407200
2005-03-31,6.390000,6.410000,6.210000,6.290000,5.994843,646100
2005-04-01,6.420000,6.420000,5.950000,6.010000,5.727982,1279800
2005-04-04,6.040000,6.040000,5.790000,5.860000,5.585021,1189900
2005-04-05,5.890000,5.960000,5.750000,5.780000,5.508774,752300
2005-04-06,5.780000,6.000000,5.780000,5.840000,5.565959,845500
2005-04-07,5.850000,6.070000,5.840000,6.020000,5.737512,984600
2005-04-08,6.070000,6.090000,5.870000,5.910000,5.632674,590300
2005-04-11,5.950000,5.970000,5.810000,5.840000,5.565959,498900
2005-04-12,5.810000,5.870000,5.560000,5.700000,5.432528,1174200
2005-04-13,5.600000,5.680000,5.420000,5.450000,5.194260,704200
2005-04-14,5.440000,5.470000,5.320000,5.390000,5.137074,761900
2005-04-15,5.440000,5.450000,5.150000,5.220000,4.975051,833200
2005-04-18,5.230000,5.340000,5.120000,5.210000,4.965522,833000
2005-04-19,5.310000,5.400000,5.200000,5.360000,5.108482,1330800
2005-04-20,5.560000,5.630000,5.380000,5.460000,5.203790,1537900
2005-04-21,5.490000,5.600000,5.410000,5.500000,5.241913,964300
2005-04-22,5.450000,5.520000,5.240000,5.340000,5.089421,614300
2005-04-25,5.330000,5.400000,5.260000,5.280000,5.032237,698500
2005-04-26,5.220000,5.450000,5.120000,5.130000,4.889275,812200
2005-04-27,5.120000,5.180000,4.980000,5.130000,4.889275,881700
2005-04-28,5.080000,5.410000,5.020000,5.150000,4.908337,2079900
2005-04-29,5.230000,5.310000,5.040000,5.110000,4.870214,1537200
2005-05-02,5.160000,5.190000,5.010000,5.130000,4.889275,1128900
2005-05-03,5.100000,5.180000,4.990000,5.100000,4.860683,841200
2005-05-04,5.090000,5.260000,5.030000,5.240000,4.994113,1434000
2005-05-05,5.200000,5.370000,5.150000,5.360000,5.108482,1365100
2005-05-06,5.400000,5.490000,5.310000,5.400000,5.146606,513900
2005-05-09,5.400000,5.440000,5.160000,5.300000,5.051299,1029500
2005-05-10,5.290000,5.290000,5.090000,5.110000,4.870214,754800
2005-05-11,5.120000,5.150000,4.940000,5.050000,4.813029,979000
2005-05-12,5.020000,5.130000,4.990000,5.070000,4.832090,794300
2005-05-13,5.110000,5.550000,5.110000,5.490000,5.232382,2114100
2005-05-16,5.500000,5.530000,5.270000,5.380000,5.127545,1575700
2005-05-17,5.350000,5.450000,5.260000,5.430000,5.175198,885400
2005-05-18,5.430000,5.500000,5.330000,5.480000,5.222851,792200
2005-05-19,5.450000,5.850000,5.450000,5.810000,5.537366,2407500
2005-05-20,5.750000,5.910000,5.730000,5.900000,5.623144,650000
2005-05-23,5.890000,5.980000,5.750000,5.790000,5.518305,849400
2005-05-24,5.740000,5.950000,5.660000,5.930000,5.651735,749500
2005-05-25,6.000000,6.000000,5.680000,5.710000,5.442059,1018500
2005-05-26,5.700000,5.950000,5.700000,5.890000,5.613612,1006600
2005-05-27,5.910000,5.910000,5.750000,5.830000,5.556427,586000
2005-05-31,5.900000,5.950000,5.810000,5.810000,5.537366,550100
2005-06-01,5.740000,6.070000,5.740000,6.070000,5.785165,744600
2005-06-02,6.090000,6.620000,6.020000,6.620000,6.309357,2735100
2005-06-03,6.650000,6.720000,6.450000,6.490000,6.185457,795900
2005-06-06,6.550000,6.720000,6.440000,6.630000,6.318887,1429000
2005-06-07,6.650000,6.920000,6.650000,6.770000,6.452318,2253000
2005-06-08,6.850000,7.130000,6.790000,6.950000,6.623872,3206300
2005-06-09,6.980000,7.140000,6.890000,7.130000,6.795426,1363000
2005-06-10,7.140000,7.160000,6.820000,6.960000,6.633403,1156300
2005-06-13,6.860000,7.010000,6.770000,6.860000,6.538096,1197700
2005-06-14,6.880000,7.010000,6.810000,6.810000,6.490442,1079800
2005-06-15,6.810000,6.990000,6.640000,6.980000,6.652463,1483900
2005-06-16,7.000000,7.320000,6.990000,7.160000,6.824018,1447600
2005-06-17,7.220000,7.350000,7.210000,7.270000,6.928856,969100
2005-06-20,7.250000,7.320000,7.150000,7.270000,6.928856,769900
2005-06-21,7.300000,7.950000,7.220000,7.910000,7.538824,2749900
2005-06-22,7.850000,8.440000,7.740000,8.220000,7.834278,3007600
2005-06-23,8.110000,8.330000,7.820000,7.850000,7.481639,2639700
2005-06-24,7.850000,7.940000,7.660000,7.800000,7.433986,1545400
2005-06-27,7.690000,7.800000,7.520000,7.520000,7.167125,1445300
2005-06-28,7.540000,7.840000,7.540000,7.800000,7.433986,882900
2005-06-29,7.750000,7.880000,7.520000,7.790000,7.424456,900300
2005-06-30,7.860000,8.340000,7.810000,7.910000,7.538824,2005800
2005-07-01,7.970000,8.140000,7.810000,7.890000,7.519762,954900
2005-07-05,7.870000,8.090000,7.790000,7.980000,7.605539,1105400
2005-07-06,8.000000,8.160000,7.940000,8.120000,7.738969,1117400
2005-07-07,8.090000,8.090000,7.770000,8.000000,7.624600,1166000
2005-07-08,8.000000,8.240000,7.980000,8.200000,7.815216,659700
2005-07-11,8.220000,8.550000,8.220000,8.450000,8.053486,1121500
2005-07-12,8.480000,8.740000,8.440000,8.610000,8.205976,903500
2005-07-13,8.600000,8.890000,8.400000,8.780000,8.368001,1029500
2005-07-14,8.980000,9.150000,8.840000,9.000000,8.577676,1598900
2005-07-15,8.940000,9.030000,8.800000,8.980000,8.558615,810700
2005-07-18,8.990000,8.990000,8.790000,8.860000,8.444245,640600
2005-07-19,8.880000,9.240000,8.880000,9.110000,8.682512,824400
2005-07-20,8.810000,9.990000,8.810000,9.850000,9.387791,2319700
2005-07-21,9.850000,9.850000,9.400000,9.440000,8.997027,1086600
2005-07-22,9.500000,9.850000,9.430000,9.760000,9.302012,1020500
2005-07-25,9.710000,10.020000,9.650000,9.650000,9.197174,1015700
2005-07-26,9.650000,9.760000,9.410000,9.590000,9.139990,1166800
2005-07-27,9.590000,10.070000,9.400000,10.040000,9.568875,1443600
2005-07-28,10.300000,10.600000,9.560000,9.650000,9.197174,3948300
2005-07-29,9.600000,9.890000,9.600000,9.680000,9.225768,1203300
2005-08-01,9.680000,9.730000,9.270000,9.450000,9.006560,1763500
2005-08-02,9.410000,9.650000,9.220000,9.600000,9.149521,1676300
2005-08-03,9.530000,9.600000,9.380000,9.460000,9.016091,1110300
2005-08-04,9.390000,9.450000,8.920000,8.940000,8.520492,1292900
2005-08-05,8.910000,9.000000,8.610000,8.900000,8.482368,1395900
2005-08-08,8.900000,9.000000,8.700000,8.750000,8.339407,890500
2005-08-09,8.870000,8.880000,8.680000,8.740000,8.329876,768300
2005-08-10,8.830000,9.020000,8.670000,8.970000,8.549085,1365800
2005-08-11,8.950000,9.080000,8.750000,9.020000,8.596737,1121700
2005-08-12,9.000000,9.040000,8.710000,8.750000,8.339407,639500
2005-08-15,8.730000,9.270000,8.730000,9.030000,8.606268,1464400
2005-08-16,9.010000,9.060000,8.740000,8.970000,8.549085,993900
2005-08-17,9.000000,9.160000,8.950000,9.120000,8.692045,655400
2005-08-18,9.030000,9.120000,8.810000,8.920000,8.501431,511500
2005-08-19,8.990000,8.990000,8.750000,8.850000,8.434713,640800
2005-08-22,8.880000,9.000000,8.740000,8.910000,8.491898,883500
2005-08-23,8.840000,8.960000,8.700000,8.730000,8.320345,546500
2005-08-24,8.730000,8.730000,8.330000,8.390000,7.996301,1111400
2005-08-25,8.360000,8.500000,8.300000,8.490000,8.091608,652900
2005-08-26,8.450000,8.450000,7.970000,8.320000,7.929585,1495200
2005-08-29,8.280000,8.330000,8.120000,8.300000,7.910524,933500
2005-08-30,8.300000,8.340000,8.100000,8.230000,7.843808,831500
2005-08-31,8.230000,8.420000,8.140000,8.360000,7.967707,576100
2005-09-01,8.360000,8.420000,8.060000,8.170000,7.786623,847100
2005-09-02,8.150000,8.280000,8.070000,8.150000,7.767561,462700
2005-09-06,8.150000,8.250000,8.010000,8.100000,7.719908,807300
2005-09-07,8.110000,8.110000,7.740000,8.010000,7.634132,1051800
2005-09-08,7.960000,8.320000,7.950000,8.270000,7.881930,1290300
2005-09-09,8.470000,8.950000,8.410000,8.670000,8.263162,2043100
2005-09-12,8.730000,8.820000,8.580000,8.620000,8.215507,752600
2005-09-13,8.400000,8.450000,7.900000,8.180000,7.796155,2805800
2005-09-14,8.170000,8.310000,7.980000,7.980000,7.605539,1345500
2005-09-15,8.210000,8.300000,7.640000,7.650000,7.291024,2512600
2005-09-16,7.720000,7.850000,7.520000,7.830000,7.462577,1925700
2005-09-19,7.900000,7.910000,7.400000,7.530000,7.176655,1317700
2005-09-20,7.550000,7.580000,7.380000,7.410000,7.062286,1316300
2005-09-21,7.390000,7.410000,7.150000,7.150000,6.814487,815000
2005-09-22,7.140000,7.180000,6.960000,7.100000,6.766833,650700
2005-09-23,7.090000,7.340000,6.910000,7.130000,6.795426,1441800
2005-09-26,7.180000,7.310000,6.890000,6.940000,6.614341,1007900
2005-09-27,6.940000,7.000000,6.740000,6.830000,6.509502,840000
2005-09-28,6.800000,7.080000,6.800000,6.910000,6.585749,882500
2005-09-29,7.010000,7.150000,6.910000,7.130000,6.795426,613000
2005-09-30,7.120000,7.360000,7.120000,7.250000,6.909795,806700
2005-10-03,7.290000,7.440000,7.260000,7.310000,6.966980,1038100
2005-10-04,7.340000,7.420000,7.090000,7.160000,6.824018,933800
2005-10-05,7.100000,7.120000,6.890000,6.910000,6.585749,1168600
2005-10-06,6.880000,6.980000,6.540000,6.620000,6.309357,1184200
2005-10-07,6.660000,6.680000,6.510000,6.600000,6.290296,702700
2005-10-10,6.580000,6.830000,6.550000,6.560000,6.252172,807000
2005-10-11,6.610000,6.700000,6.320000,6.360000,6.061558,932300
2005-10-12,6.310000,6.390000,6.160000,6.270000,5.975781,695400
2005-10-13,6.260000,6.620000,6.170000,6.560000,6.252172,1033800
2005-10-14,6.630000,6.870000,6.630000,6.760000,6.442788,940800
2005-10-17,6.750000,6.890000,6.590000,6.630000,6.318887,643400
2005-10-18,6.590000,6.730000,6.440000,6.500000,6.194988,655400
2005-10-19,6.470000,6.740000,6.250000,6.710000,6.395134,742100
2005-10-20,6.680000,6.770000,6.510000,6.540000,6.233110,602200
2005-10-21,6.540000,6.780000,6.540000,6.670000,6.357011,365600
2005-10-24,6.780000,6.790000,6.610000,6.700000,6.385602,739100
2005-10-25,6.720000,6.950000,6.670000,6.770000,6.452318,671000
2005-10-26,6.770000,6.770000,6.420000,6.420000,6.118742,756400
2005-10-27,6.410000,6.430000,6.060000,6.070000,5.785165,914500
2005-10-28,6.060000,6.310000,5.950000,6.220000,5.928127,1150400
2005-10-31,6.250000,6.400000,6.210000,6.270000,5.975781,848300
2005-11-01,6.290000,6.290000,5.990000,6.010000,5.727982,850300
2005-11-02,6.010000,6.350000,5.990000,6.340000,6.042496,956200
2005-11-03,6.500000,6.830000,6.430000,6.670000,6.357011,1457200
2005-11-04,6.740000,6.820000,6.700000,6.750000,6.433257,846900
2005-11-07,6.790000,6.920000,6.740000,6.910000,6.585749,632100
2005-11-08,6.930000,7.090000,6.680000,6.960000,6.633403,859300
2005-11-09,6.930000,6.980000,6.750000,6.830000,6.509502,617200
2005-11-10,6.860000,6.950000,6.660000,6.890000,6.566687,507800
2005-11-11,6.840000,7.120000,6.790000,7.060000,6.728709,680500
2005-11-14,7.110000,7.250000,7.020000,7.120000,6.785894,486500
2005-11-15,7.140000,7.240000,6.940000,6.980000,6.652463,790300
2005-11-16,7.030000,7.230000,6.900000,7.070000,6.738241,889100
2005-11-17,7.580000,8.290000,7.410000,8.270000,7.881930,6508100
2005-11-18,8.370000,8.870000,8.310000,8.570000,8.167853,4189200
2005-11-21,8.560000,8.600000,8.070000,8.390000,7.996301,1564200
2005-11-22,8.340000,8.650000,8.130000,8.360000,7.967707,1260000
2005-11-23,8.400000,8.660000,8.350000,8.400000,8.005831,894900
2005-11-25,8.360000,8.600000,8.360000,8.600000,8.196445,289200
2005-11-28,8.640000,8.800000,8.200000,8.230000,7.843808,1346800
2005-11-29,8.250000,8.400000,8.120000,8.180000,7.796155,1178100
2005-11-30,8.150000,8.500000,8.020000,8.450000,8.053486,1735400
2005-12-01,8.500000,8.910000,8.500000,8.830000,8.415653,1622200
2005-12-02,8.820000,8.980000,8.730000,8.760000,8.348938,749300
2005-12-05,8.720000,8.750000,8.470000,8.660000,8.253631,1005500
2005-12-06,8.730000,8.900000,8.680000,8.720000,8.310815,1137400
2005-12-07,8.740000,8.900000,8.450000,8.490000,8.091608,1103000
2005-12-08,8.490000,8.830000,8.490000,8.610000,8.205976,1580200
2005-12-09,8.570000,8.870000,8.510000,8.820000,8.406123,839500
2005-12-12,8.850000,9.190000,8.740000,8.850000,8.434713,2225700
2005-12-13,8.830000,8.920000,8.740000,8.760000,8.348938,735300
2005-12-14,8.800000,8.830000,8.530000,8.600000,8.196445,730700
2005-12-15,8.590000,8.720000,8.400000,8.550000,8.148792,861300
2005-12-16,8.580000,8.840000,8.400000,8.480000,8.082077,986600
2005-12-19,8.850000,8.950000,8.660000,8.730000,8.320345,1567400
2005-12-20,8.700000,8.880000,8.520000,8.660000,8.253631,971700
2005-12-21,8.620000,8.860000,8.620000,8.820000,8.406123,463700
2005-12-22,8.880000,9.330000,8.830000,9.170000,8.739698,1250700
2005-12-23,9.140000,9.320000,9.040000,9.280000,8.844536,688700
2005-12-27,9.310000,9.310000,8.820000,8.880000,8.463306,1095300
2005-12-28,8.870000,8.970000,8.620000,8.900000,8.482368,612000
2005-12-29,8.850000,9.140000,8.800000,8.920000,8.501431,601200
2005-12-30,8.850000,8.970000,8.700000,8.840000,8.425183,765800
2006-01-03,8.860000,9.070000,8.470000,9.020000,8.596737,1287100
2006-01-04,9.070000,9.200000,8.880000,9.080000,8.653923,624100
2006-01-05,9.010000,9.500000,8.990000,9.420000,8.977967,1281400
2006-01-06,9.440000,9.620000,9.280000,9.470000,9.025622,1238900
2006-01-09,9.730000,9.850000,9.550000,9.660000,9.206704,1303900
2006-01-10,9.550000,9.850000,9.350000,9.810000,9.349667,891000
2006-01-11,9.800000,9.970000,9.790000,9.970000,9.502160,1022900
2006-01-12,9.890000,9.980000,9.500000,9.620000,9.168583,1410600
2006-01-13,9.580000,9.670000,9.330000,9.380000,8.939844,1083900
2006-01-17,9.320000,9.340000,9.050000,9.170000,8.739698,977100
2006-01-18,8.950000,9.270000,8.740000,9.140000,8.711107,1130500
2006-01-19,9.190000,9.900000,9.190000,9.860000,9.397320,2961400
2006-01-20,9.890000,9.900000,9.270000,9.340000,8.901721,1194400
2006-01-23,9.380000,9.450000,9.200000,9.400000,8.958905,1357200
2006-01-24,9.400000,9.860000,9.370000,9.800000,9.340137,1842500
2006-01-25,9.820000,10.040000,9.500000,9.990000,9.521221,2885000
2006-01-26,11.010000,11.550000,10.750000,11.210000,10.683973,7317400
2006-01-27,11.180000,11.570000,11.010000,11.210000,10.683973,2612400
2006-01-30,11.200000,11.390000,11.090000,11.130000,10.607726,1212200
2006-01-31,11.090000,11.350000,11.060000,11.190000,10.664909,1765800
2006-02-01,11.110000,11.700000,11.100000,11.630000,11.084263,2128000
2006-02-02,11.610000,11.750000,11.150000,11.150000,10.626785,1537700
2006-02-03,11.020000,11.400000,10.780000,11.300000,10.769748,1450600
2006-02-06,11.260000,11.840000,11.240000,11.760000,11.208162,2464900
2006-02-07,11.710000,12.040000,11.660000,11.690000,11.141448,2609800
2006-02-08,11.800000,12.370000,11.800000,12.200000,11.627515,2837200
2006-02-09,12.340000,12.500000,11.980000,12.070000,11.503616,1675100
2006-02-10,12.150000,12.180000,11.650000,12.000000,11.436900,1344000
2006-02-13,11.950000,12.180000,11.750000,11.760000,11.208162,1047700
2006-02-14,11.650000,11.740000,11.360000,11.640000,11.093796,2387000
2006-02-15,11.630000,12.100000,11.570000,12.070000,11.503616,1920800
2006-02-16,12.210000,12.370000,11.910000,12.130000,11.560801,1707500
2006-02-17,12.090000,12.250000,12.050000,12.180000,11.608455,1506200
2006-02-21,12.200000,12.260000,11.590000,11.600000,11.055673,1451300
2006-02-22,11.600000,11.850000,11.400000,11.640000,11.093796,1318400
2006-02-23,11.610000,12.000000,11.460000,11.650000,11.103326,1565400
2006-02-24,11.650000,11.750000,11.450000,11.470000,10.931772,711300
2006-02-27,11.480000,11.700000,11.320000,11.350000,10.817402,1306500
2006-02-28,11.250000,11.290000,10.880000,11.200000,10.674440,1603500
2006-03-01,11.290000,11.700000,11.200000,11.670000,11.122386,1893000
2006-03-02,11.660000,11.980000,11.560000,11.740000,11.189102,1530100
2006-03-03,11.600000,11.730000,11.420000,11.550000,11.008018,2458000
2006-03-06,11.530000,11.620000,11.020000,11.060000,10.541012,929600
2006-03-07,11.010000,11.140000,10.560000,10.610000,10.112126,2336800
2006-03-08,10.520000,10.770000,10.340000,10.610000,10.112126,1313100
2006-03-09,10.620000,10.920000,10.360000,10.440000,9.950103,803700
2006-03-10,10.480000,10.680000,10.350000,10.420000,9.931045,686700
2006-03-13,10.470000,10.700000,10.410000,10.430000,9.940575,780700
2006-03-14,10.460000,10.970000,10.450000,10.970000,10.455234,1229100
2006-03-15,10.970000,11.500000,10.940000,11.280000,10.750686,1680000
2006-03-16,10.700000,10.700000,8.870000,8.990000,8.568146,9140100
2006-03-17,9.100000,9.100000,8.650000,8.810000,8.396590,3649300
2006-03-20,8.850000,8.970000,8.750000,8.840000,8.425183,1501100
2006-03-21,8.960000,9.360000,8.820000,8.960000,8.539552,2254200
2006-03-22,8.960000,9.440000,8.920000,9.300000,8.863598,2402600
2006-03-23,9.350000,9.430000,9.200000,9.210000,8.777821,1048700
2006-03-24,9.270000,9.520000,9.230000,9.490000,9.044682,663600
2006-03-27,9.490000,9.600000,9.370000,9.460000,9.016091,657400
2006-03-28,9.450000,9.500000,9.090000,9.150000,8.720636,999500
2006-03-29,9.210000,9.450000,9.040000,9.430000,8.987499,961300
2006-03-30,9.430000,9.820000,9.430000,9.620000,9.168583,1336400
2006-03-31,9.650000,9.700000,9.400000,9.540000,9.092337,752500
2006-04-03,9.560000,9.870000,9.480000,9.710000,9.254360,1201700
2006-04-04,9.740000,9.870000,9.630000,9.710000,9.254360,931900
2006-04-05,9.770000,9.890000,9.660000,9.760000,9.302012,716000
2006-04-06,9.750000,9.940000,9.740000,9.900000,9.435443,579000
2006-04-07,9.940000,10.070000,9.470000,9.500000,9.054214,851000
2006-04-10,9.330000,9.470000,9.170000,9.200000,8.768291,847100
2006-04-11,9.250000,9.400000,9.080000,9.110000,8.682512,576400
2006-04-12,9.030000,9.210000,9.010000,9.050000,8.625329,423800
2006-04-13,9.150000,9.450000,9.060000,9.420000,8.977967,615500
2006-04-17,9.440000,9.600000,9.010000,9.250000,8.815944,1093600
2006-04-18,9.250000,9.750000,9.170000,9.720000,9.263890,1140400
2006-04-19,9.780000,9.890000,9.550000,9.700000,9.244828,697200
2006-04-20,9.700000,9.750000,9.460000,9.690000,9.235298,623200
2006-04-21,9.690000,9.780000,9.400000,9.560000,9.111399,861800
2006-04-24,9.500000,9.550000,9.150000,9.200000,8.768291,778500
2006-04-25,9.230000,9.600000,9.200000,9.540000,9.092337,1109100
2006-04-26,9.530000,10.230000,9.520000,10.100000,9.626058,2317200
2006-04-27,10.070000,10.220000,9.540000,9.550000,9.101867,2320800
2006-04-28,9.530000,9.570000,9.060000,9.060000,8.634860,1927800
2006-05-01,9.100000,9.220000,8.770000,8.770000,8.358469,1729700
2006-05-02,8.850000,9.090000,8.800000,9.040000,8.615799,1335500
2006-05-03,9.070000,9.280000,8.950000,9.270000,8.835008,865000
2006-05-04,9.250000,9.490000,9.250000,9.400000,8.958905,687300
2006-05-05,9.380000,9.540000,9.270000,9.520000,9.073277,738500
2006-05-08,9.450000,9.710000,9.430000,9.630000,9.178113,833200
2006-05-09,9.600000,9.670000,9.350000,9.510000,9.063745,1001100
2006-05-10,9.500000,9.600000,9.240000,9.290000,8.854067,851200
2006-05-11,9.270000,9.310000,8.950000,8.980000,8.558615,1181200
2006-05-12,9.000000,9.000000,8.750000,8.900000,8.482368,882400
2006-05-15,8.760000,8.870000,8.590000,8.660000,8.253631,871600
2006-05-16,8.660000,8.870000,8.530000,8.700000,8.291752,646100
2006-05-17,8.580000,8.750000,8.300000,8.360000,7.967707,1011700
2006-05-18,8.410000,8.500000,8.150000,8.180000,7.796155,541200
2006-05-19,8.120000,8.470000,8.100000,8.420000,8.024892,1027100
2006-05-22,8.380000,8.380000,8.100000,8.290000,7.900994,1085400
2006-05-23,8.430000,8.580000,8.110000,8.130000,7.748500,685000
2006-05-24,8.120000,8.370000,8.000000,8.320000,7.929585,771200
2006-05-25,8.350000,8.500000,8.200000,8.460000,8.063015,737600
2006-05-26,8.500000,8.690000,8.370000,8.580000,8.177383,646300
2006-05-30,8.710000,8.750000,8.180000,8.190000,7.805685,625000
2006-05-31,8.270000,8.400000,8.020000,8.070000,7.691316,1984100
2006-06-01,8.120000,8.440000,8.020000,8.370000,7.977238,1013200
2006-06-02,8.610000,8.690000,8.300000,8.570000,8.167853,1271500
2006-06-05,8.590000,8.620000,8.240000,8.360000,7.967707,1188600
2006-06-06,8.640000,8.640000,8.140000,8.260000,7.872400,1366500
2006-06-07,8.250000,8.570000,8.020000,8.300000,7.910524,956600
2006-06-08,7.900000,7.950000,7.190000,7.520000,7.167125,3273400
2006-06-09,7.600000,7.740000,7.410000,7.460000,7.109940,967500
2006-06-12,7.540000,7.600000,7.210000,7.230000,6.890733,724900
2006-06-13,7.250000,7.430000,7.050000,7.080000,6.747772,1726500
2006-06-14,7.100000,7.430000,7.050000,7.270000,6.928856,761500
2006-06-15,7.410000,7.650000,7.310000,7.550000,7.195718,1145900
2006-06-16,7.510000,7.690000,7.260000,7.280000,6.938387,1920600
2006-06-19,7.340000,7.430000,7.110000,7.140000,6.804956,1867000
2006-06-20,7.160000,7.450000,7.050000,7.230000,6.890733,1534500
2006-06-21,7.250000,7.670000,7.200000,7.610000,7.252901,1978500
2006-06-22,7.630000,7.730000,7.480000,7.610000,7.252901,1244200
2006-06-23,7.530000,7.640000,7.210000,7.260000,6.919325,1522800
2006-06-26,7.280000,7.500000,7.250000,7.500000,7.148064,771900
2006-06-27,7.540000,7.550000,7.260000,7.300000,6.957448,948600
2006-06-28,7.350000,7.360000,7.070000,7.110000,6.776363,1764900
2006-06-29,7.160000,7.500000,7.100000,7.450000,7.100409,2374700
2006-06-30,7.510000,7.600000,7.360000,7.410000,7.062286,1813700
2006-07-03,7.320000,7.700000,7.320000,7.600000,7.243371,749700
2006-07-05,7.640000,7.640000,7.300000,7.440000,7.090879,838200
2006-07-06,7.470000,7.770000,7.450000,7.750000,7.386332,1023900
2006-07-07,7.750000,7.810000,7.520000,7.640000,7.281494,1179000
2006-07-10,7.690000,7.800000,7.250000,7.280000,6.938387,894100
2006-07-11,7.260000,7.550000,7.200000,7.470000,7.119471,1573900
2006-07-12,7.440000,7.520000,7.070000,7.080000,6.747772,1259600
2006-07-13,7.050000,7.400000,6.920000,7.090000,6.757302,1402500
2006-07-14,7.090000,7.180000,6.930000,7.000000,6.671525,788300
2006-07-17,7.010000,7.130000,6.950000,6.960000,6.633403,664700
2006-07-18,7.000000,7.080000,6.820000,6.990000,6.661995,1116200
2006-07-19,6.980000,7.390000,6.980000,7.310000,6.966980,803800
2006-07-20,7.330000,7.360000,7.000000,7.020000,6.690587,716400
2006-07-21,7.000000,7.000000,6.600000,6.610000,6.299826,2114000
2006-07-24,6.660000,6.860000,6.610000,6.800000,6.480911,1053900
2006-07-25,6.740000,7.000000,6.690000,6.770000,6.452318,712200
2006-07-26,6.690000,6.890000,6.580000,6.770000,6.452318,1561900
2006-07-27,6.530000,7.570000,6.500000,7.200000,6.862142,2683800
2006-07-28,7.260000,7.350000,7.110000,7.280000,6.938387,1075900
2006-07-31,7.290000,7.400000,7.210000,7.390000,7.043225,685400
2006-08-01,7.310000,7.370000,7.000000,7.050000,6.719179,913400
2006-08-02,7.140000,7.260000,7.000000,7.150000,6.814487,766500
2006-08-03,7.140000,7.390000,7.020000,7.340000,6.995572,1236300
2006-08-04,7.400000,7.570000,7.070000,7.230000,6.890733,959000
2006-08-07,7.230000,7.290000,7.020000,7.060000,6.728709,527700
2006-08-08,7.130000,7.130000,6.740000,6.780000,6.461850,1278400
2006-08-09,6.860000,6.930000,6.590000,6.600000,6.290296,1184600
2006-08-10,6.550000,6.850000,6.510000,6.670000,6.357011,1190600
2006-08-11,6.660000,6.660000,6.510000,6.530000,6.223580,583200
2006-08-14,6.560000,6.850000,6.560000,6.710000,6.395134,651700
2006-08-15,6.790000,7.190000,6.760000,7.130000,6.795426,1086300
2006-08-16,7.180000,7.560000,7.160000,7.520000,7.167125,1260400
2006-08-17,7.510000,7.960000,7.510000,7.770000,7.405394,1587300
2006-08-18,7.790000,7.830000,7.520000,7.820000,7.453047,597300
2006-08-21,7.700000,7.780000,7.530000,7.570000,7.214778,579100
2006-08-22,7.520000,7.720000,7.440000,7.540000,7.186186,648600
2006-08-23,7.530000,7.690000,7.380000,7.430000,7.081347,481400
2006-08-24,7.500000,7.710000,7.500000,7.620000,7.262433,817100
2006-08-25,7.620000,7.850000,7.540000,7.790000,7.424456,672200
2006-08-28,7.800000,7.930000,7.720000,7.850000,7.481639,763500
2006-08-29,7.850000,7.950000,7.590000,7.910000,7.538824,983200
2006-08-30,7.890000,8.200000,7.840000,8.120000,7.738969,1164600
2006-08-31,8.120000,8.140000,7.670000,7.880000,7.510231,1227500
2006-09-01,7.950000,8.050000,7.750000,7.760000,7.395863,820700
2006-09-05,7.760000,7.930000,7.560000,7.920000,7.548356,969200
2006-09-06,7.830000,7.850000,7.510000,7.510000,7.157594,1126200
2006-09-07,7.970000,8.140000,7.630000,8.070000,7.691316,4256400
2006-09-08,8.150000,8.280000,8.040000,8.260000,7.872400,1496900
2006-09-11,8.240000,8.500000,8.000000,8.380000,7.986769,1561700
2006-09-12,8.420000,8.890000,8.400000,8.810000,8.396590,1335600
2006-09-13,8.870000,8.890000,8.500000,8.690000,8.282222,1487500
2006-09-14,8.630000,8.690000,8.450000,8.650000,8.244099,1455400
2006-09-15,8.750000,8.830000,8.400000,8.520000,8.120202,1267700
2006-09-18,8.570000,8.640000,8.400000,8.520000,8.120202,1044000
2006-09-19,8.590000,8.600000,8.230000,8.460000,8.063015,1324700
2006-09-20,8.550000,8.720000,8.440000,8.660000,8.253631,1438100
2006-09-21,8.720000,8.740000,8.550000,8.580000,8.177383,1345100
2006-09-22,8.580000,8.800000,8.490000,8.760000,8.348938,1046100
2006-09-25,8.780000,8.950000,8.570000,8.880000,8.463306,1002700
2006-09-26,8.870000,8.990000,8.590000,8.950000,8.530021,1768000
2006-09-27,8.990000,9.180000,8.950000,9.010000,8.587207,1482500
2006-09-28,9.010000,9.050000,8.820000,8.960000,8.539552,1137800
2006-09-29,9.030000,9.030000,8.800000,8.840000,8.425183,649400
2006-10-02,8.790000,8.900000,8.580000,8.590000,8.186915,826400
2006-10-03,8.500000,8.650000,8.350000,8.500000,8.101139,1092900
2006-10-04,8.500000,8.900000,8.460000,8.860000,8.444245,832000
2006-10-05,8.880000,9.160000,8.810000,9.140000,8.711107,1131800
2006-10-06,9.100000,9.140000,8.860000,9.010000,8.587207,782900
2006-10-09,8.870000,9.070000,8.730000,9.000000,8.577676,808400
2006-10-10,8.960000,9.160000,8.880000,9.100000,8.672984,1089300
2006-10-11,9.000000,9.370000,9.000000,9.220000,8.787353,1166300
2006-10-12,9.200000,9.370000,9.040000,9.350000,8.911252,801200
2006-10-13,9.300000,9.620000,9.280000,9.490000,9.044682,833500
2006-10-16,9.550000,9.670000,9.500000,9.540000,9.092337,596500
2006-10-17,9.520000,9.620000,9.240000,9.500000,9.054214,754500
2006-10-18,9.540000,9.590000,8.760000,8.790000,8.377531,1866300
2006-10-19,8.750000,8.950000,8.570000,8.720000,8.310815,1108600
2006-10-20,8.740000,8.850000,8.640000,8.780000,8.368001,480900
2006-10-23,8.720000,8.790000,8.660000,8.700000,8.291752,623900
2006-10-24,8.650000,8.780000,8.600000,8.620000,8.215507,865200
2006-10-25,8.620000,8.910000,8.620000,8.870000,8.453777,819300
2006-10-26,8.930000,9.010000,8.800000,8.980000,8.558615,716500
2006-10-27,8.950000,9.220000,8.870000,8.930000,8.510962,1263800
2006-10-30,8.890000,8.950000,8.840000,8.870000,8.453777,666500
2006-10-31,8.880000,9.090000,8.880000,8.980000,8.558615,1196100
2006-11-01,8.550000,8.800000,8.490000,8.570000,8.167853,2698500
2006-11-02,8.480000,8.610000,8.300000,8.380000,7.986769,1375400
2006-11-03,8.430000,8.580000,8.190000,8.460000,8.063015,928900
2006-11-06,8.530000,8.660000,8.430000,8.540000,8.139261,783300
2006-11-07,8.510000,8.850000,8.500000,8.620000,8.215507,638400
2006-11-08,8.590000,8.750000,8.480000,8.720000,8.310815,438300
2006-11-09,8.790000,8.800000,8.300000,8.390000,7.996301,769000
2006-11-10,8.360000,8.540000,8.290000,8.500000,8.101139,478100
2006-11-13,8.520000,8.690000,8.410000,8.600000,8.196445,661800
2006-11-14,8.650000,8.980000,8.450000,8.950000,8.530021,895000
2006-11-15,8.970000,9.190000,8.800000,8.930000,8.510962,967600
2006-11-16,8.510000,8.830000,8.150000,8.470000,8.072546,3598300
2006-11-17,8.390000,8.390000,8.180000,8.360000,7.967707,1718800
2006-11-20,8.300000,8.440000,8.150000,8.230000,7.843808,1646300
2006-11-21,8.210000,8.330000,8.210000,8.260000,7.872400,1267200
2006-11-22,8.280000,8.330000,8.240000,8.280000,7.891462,1073600
2006-11-24,8.200000,8.410000,8.200000,8.380000,7.986769,461800
2006-11-27,8.380000,8.380000,7.950000,8.010000,7.634132,1885100
2006-11-28,7.970000,8.210000,7.920000,8.200000,7.815216,1746900
2006-11-29,8.280000,8.310000,8.000000,8.100000,7.719908,1317300
2006-11-30,8.070000,8.390000,7.980000,8.190000,7.805685,1764100
2006-12-01,8.140000,8.310000,7.960000,8.100000,7.719908,1139600
2006-12-04,8.040000,8.220000,7.970000,8.140000,7.758031,1760700
2006-12-05,8.190000,8.340000,8.150000,8.270000,7.881930,1224600
2006-12-06,8.250000,8.370000,8.080000,8.280000,7.891462,753800
2006-12-07,8.280000,8.350000,8.120000,8.120000,7.738969,611100
2006-12-08,8.050000,8.210000,8.010000,8.070000,7.691316,1428200
2006-12-11,8.070000,8.250000,8.060000,8.110000,7.729438,1084900
2006-12-12,8.130000,8.230000,8.080000,8.170000,7.786623,867300
2006-12-13,8.230000,8.230000,7.990000,8.030000,7.653193,733900
2006-12-14,8.070000,8.180000,8.030000,8.050000,7.672254,1240400
2006-12-15,8.060000,8.340000,8.060000,8.280000,7.891462,1365700
2006-12-18,8.150000,8.420000,8.110000,8.160000,7.777092,980100
2006-12-19,8.100000,8.100000,7.990000,8.040000,7.662724,821300
2006-12-20,8.040000,8.270000,8.040000,8.120000,7.738969,1101800
2006-12-21,8.090000,8.250000,8.050000,8.070000,7.691316,565400
2006-12-22,8.080000,8.140000,8.000000,8.030000,7.653193,692000
2006-12-26,8.010000,8.250000,8.010000,8.180000,7.796155,564400
2006-12-27,8.170000,8.290000,8.160000,8.250000,7.862870,420100
2006-12-28,8.200000,8.310000,8.190000,8.200000,7.815216,443600
2006-12-29,8.190000,8.510000,8.190000,8.400000,8.005831,1081900
2007-01-03,8.450000,8.590000,8.320000,8.430000,8.034423,1551200
2007-01-04,8.380000,8.680000,8.380000,8.670000,8.263162,1218700
2007-01-05,8.590000,8.740000,8.390000,8.470000,8.072546,1132900
2007-01-08,8.520000,8.720000,8.430000,8.680000,8.272693,1101300
2007-01-09,8.660000,8.920000,8.600000,8.860000,8.444245,1384500
2007-01-10,8.860000,9.080000,8.810000,9.000000,8.577676,816900
2007-01-11,9.050000,9.200000,8.970000,9.010000,8.587207,1028600
2007-01-12,9.010000,9.090000,8.970000,9.090000,8.663453,709900
2007-01-16,9.090000,9.090000,8.790000,8.850000,8.434713,803000
2007-01-17,8.850000,8.890000,8.730000,8.800000,8.387061,729100
2007-01-18,8.710000,8.750000,8.300000,8.380000,7.986769,1025000
2007-01-19,8.340000,8.570000,8.300000,8.420000,8.024892,827600
2007-01-22,8.400000,8.410000,8.170000,8.300000,7.910524,1482500
2007-01-23,8.290000,8.560000,8.230000,8.360000,7.967707,1186600
2007-01-24,8.390000,8.610000,8.360000,8.530000,8.129731,1179200
2007-01-25,8.290000,8.800000,8.260000,8.690000,8.282222,1915600
2007-01-26,8.690000,9.150000,8.660000,9.110000,8.682512,1811900
2007-01-29,9.020000,9.210000,9.020000,9.180000,8.749228,1262200
2007-01-30,9.170000,9.370000,9.150000,9.340000,8.901721,1268600
2007-01-31,9.340000,9.360000,9.130000,9.280000,8.844536,992500
2007-02-01,9.300000,9.430000,9.250000,9.340000,8.901721,616400
2007-02-02,9.340000,9.420000,9.130000,9.160000,8.730167,1362700
2007-02-05,9.120000,9.610000,9.120000,9.500000,9.054214,1353900
2007-02-06,9.500000,9.650000,9.410000,9.620000,9.168583,1194400
2007-02-07,9.670000,9.950000,9.660000,9.800000,9.340137,1225300
2007-02-08,9.780000,9.940000,9.650000,9.870000,9.406851,923000
2007-02-09,9.830000,9.930000,9.590000,9.620000,9.168583,889500
2007-02-12,9.610000,9.730000,9.410000,9.490000,9.044682,830400
2007-02-13,9.520000,9.730000,9.460000,9.570000,9.120930,699600
2007-02-14,9.630000,10.000000,9.630000,9.950000,9.483096,1368300
2007-02-15,9.940000,10.190000,9.840000,9.890000,9.425912,1405300
2007-02-16,9.880000,10.030000,9.740000,9.920000,9.454506,723500
2007-02-20,9.760000,9.860000,9.560000,9.650000,9.197174,1766000
2007-02-21,9.560000,9.770000,9.560000,9.710000,9.254360,680500
2007-02-22,9.710000,9.960000,9.650000,9.820000,9.359199,1007300
2007-02-23,9.800000,9.980000,9.800000,9.910000,9.444973,957600
2007-02-26,9.940000,10.070000,9.860000,10.060000,9.587935,940400
2007-02-27,9.910000,9.910000,9.360000,9.360000,8.920782,1198400
2007-02-28,9.360000,9.650000,9.360000,9.500000,9.054214,1167900
2007-03-01,9.200000,9.590000,9.190000,9.400000,8.958905,1386600
2007-03-02,9.300000,9.470000,9.130000,9.140000,8.711107,1131800
2007-03-05,9.010000,9.180000,8.790000,8.800000,8.387061,2025500
2007-03-06,8.870000,9.190000,8.870000,9.110000,8.682512,804500
2007-03-07,9.070000,9.250000,8.930000,9.050000,8.625329,1056000
2007-03-08,9.130000,9.290000,9.100000,9.200000,8.768291,784300
2007-03-09,9.270000,9.380000,8.990000,9.110000,8.682512,937200
2007-03-12,9.150000,9.310000,9.120000,9.250000,8.815944,984700
2007-03-13,9.170000,9.210000,8.910000,8.920000,8.501431,1022400
2007-03-14,8.910000,9.040000,8.780000,9.030000,8.606268,834200
2007-03-15,9.040000,9.210000,9.030000,9.140000,8.711107,555100
2007-03-16,9.120000,9.140000,8.920000,9.010000,8.587207,905500
2007-03-19,9.050000,9.210000,9.050000,9.170000,8.739698,1054600
2007-03-20,9.170000,9.380000,9.090000,9.280000,8.844536,837600
2007-03-21,9.280000,9.530000,9.250000,9.480000,9.035152,736000
2007-03-22,9.500000,9.520000,9.300000,9.400000,8.958905,546200
2007-03-23,9.390000,9.470000,9.260000,9.350000,8.911252,617500
2007-03-26,9.350000,9.430000,9.230000,9.430000,8.987499,736700
2007-03-27,9.390000,9.400000,9.280000,9.350000,8.911252,510000
2007-03-28,9.280000,9.430000,9.130000,9.250000,8.815944,619100
2007-03-29,9.330000,9.360000,9.120000,9.270000,8.835008,803200
2007-03-30,9.300000,9.340000,9.140000,9.250000,8.815944,653500
2007-04-02,9.240000,9.340000,9.110000,9.200000,8.768291,394700
2007-04-03,9.240000,9.810000,9.240000,9.770000,9.311544,1440000
2007-04-04,9.750000,9.870000,9.680000,9.720000,9.263890,1292400
2007-04-05,9.720000,9.930000,9.720000,9.930000,9.464036,472500
2007-04-09,9.930000,9.930000,9.710000,9.740000,9.282950,773500
2007-04-10,9.710000,9.830000,9.660000,9.800000,9.340137,625200
2007-04-11,9.820000,9.880000,9.530000,9.560000,9.111399,768200
2007-04-12,9.560000,9.710000,9.450000,9.650000,9.197174,1230800
2007-04-13,9.660000,9.720000,9.340000,9.690000,9.235298,968000
2007-04-16,9.730000,9.830000,9.650000,9.800000,9.340137,490300
2007-04-17,9.840000,9.840000,9.540000,9.650000,9.197174,802700
2007-04-18,9.610000,9.870000,9.600000,9.740000,9.282950,678600
2007-04-19,9.690000,9.910000,9.630000,9.780000,9.321075,762600
2007-04-20,9.930000,9.930000,9.680000,9.810000,9.349667,746700
2007-04-23,9.770000,9.810000,9.650000,9.720000,9.263890,522500
2007-04-24,9.710000,9.910000,9.650000,9.720000,9.263890,940400
2007-04-25,9.770000,9.900000,9.650000,9.860000,9.397320,714700
2007-04-26,9.760000,10.000000,9.760000,9.970000,9.502160,630900
2007-04-27,9.830000,9.990000,9.740000,9.800000,9.340137,1388300
2007-04-30,10.000000,10.740000,9.820000,9.980000,9.511688,2860100
2007-05-01,10.100000,10.150000,9.750000,9.870000,9.406851,1386400
2007-05-02,9.840000,9.960000,9.780000,9.910000,9.444973,986700
2007-05-03,9.900000,10.060000,9.750000,10.000000,9.530750,1049200
2007-05-04,10.040000,10.150000,9.930000,10.090000,9.616528,884700
2007-05-07,10.080000,10.080000,9.860000,9.990000,9.521221,690800
2007-05-08,9.900000,9.930000,9.610000,9.890000,9.425912,1042300
2007-05-09,9.810000,9.900000,9.710000,9.840000,9.378260,660700
2007-05-10,9.760000,9.840000,9.500000,9.520000,9.073277,1181500
2007-05-11,9.600000,9.800000,9.510000,9.760000,9.302012,811000
2007-05-14,9.740000,9.820000,9.560000,9.670000,9.216237,1092500
2007-05-15,9.640000,9.710000,9.400000,9.420000,8.977967,1177100
2007-05-16,9.380000,9.470000,9.250000,9.400000,8.958905,1070600
2007-05-17,9.330000,9.620000,9.280000,9.540000,9.092337,1000000
2007-05-18,9.560000,9.770000,9.440000,9.670000,9.216237,1011400
2007-05-21,9.680000,9.940000,9.630000,9.690000,9.235298,687100
2007-05-22,9.670000,9.880000,9.620000,9.790000,9.330604,750500
2007-05-23,9.840000,9.910000,9.620000,9.620000,9.168583,518600
2007-05-24,9.580000,9.810000,9.400000,9.470000,9.025622,720400
2007-05-25,9.510000,9.620000,9.440000,9.500000,9.054214,582800
2007-05-29,9.520000,9.740000,9.520000,9.660000,9.206704,535700
2007-05-30,9.550000,9.610000,9.450000,9.590000,9.139990,600200
2007-05-31,9.530000,9.920000,9.510000,9.570000,9.120930,2663300
2007-06-01,9.540000,9.810000,9.520000,9.640000,9.187644,8280600
2007-06-04,9.620000,9.820000,9.590000,9.810000,9.349667,1702500
2007-06-05,9.740000,9.930000,9.680000,9.830000,9.368730,1533600
2007-06-06,9.770000,9.860000,9.700000,9.790000,9.330604,1173500
2007-06-07,9.770000,9.890000,9.630000,9.650000,9.197174,1021800
2007-06-08,9.610000,9.740000,9.520000,9.630000,9.178113,1286000
2007-06-11,9.540000,9.730000,9.430000,9.690000,9.235298,2086500
2007-06-12,9.740000,10.240000,9.640000,10.000000,9.530750,2858900
2007-06-13,10.080000,10.180000,9.930000,10.100000,9.626058,1672200
2007-06-14,10.440000,10.870000,10.320000,10.810000,10.302742,3716000
2007-06-15,10.980000,11.040000,10.810000,10.900000,10.388520,2748800
2007-06-18,10.860000,10.950000,10.650000,10.790000,10.283681,1499300
2007-06-19,10.690000,10.790000,10.600000,10.730000,10.226496,981200
2007-06-20,10.690000,10.840000,10.600000,10.670000,10.169311,1959500
2007-06-21,10.650000,11.000000,10.570000,10.950000,10.436172,991900
2007-06-22,10.940000,11.000000,10.520000,10.530000,10.035882,2379900
2007-06-25,10.560000,10.600000,10.130000,10.230000,9.749956,2267500
2007-06-26,10.260000,10.410000,10.050000,10.340000,9.854796,2227300
2007-06-27,10.290000,10.510000,10.200000,10.430000,9.940575,2068000
2007-06-28,10.440000,10.440000,10.210000,10.350000,9.864326,1947400
2007-06-29,10.380000,10.580000,10.300000,10.470000,9.978697,2576500
2007-07-02,10.560000,10.630000,10.500000,10.550000,10.054942,878800
2007-07-03,10.600000,10.710000,10.600000,10.680000,10.178843,739500
2007-07-05,10.750000,10.750000,10.540000,10.640000,10.140720,1696100
2007-07-06,10.680000,10.750000,10.570000,10.720000,10.216965,1023300
2007-07-09,10.820000,10.860000,10.590000,10.770000,10.264619,1237700
2007-07-10,10.680000,10.750000,10.490000,10.540000,10.045411,1467600
2007-07-11,10.540000,10.680000,10.510000,10.660000,10.159781,871300
2007-07-12,10.710000,11.060000,10.690000,11.050000,10.531480,2033000
2007-07-13,10.990000,11.100000,10.880000,11.050000,10.531480,1313500
2007-07-16,11.100000,11.650000,11.060000,11.650000,11.103326,3460900
2007-07-17,11.800000,11.950000,11.700000,11.820000,11.265348,5156600
2007-07-18,11.750000,11.960000,11.450000,11.890000,11.332063,2262300
2007-07-19,12.210000,12.460000,11.680000,11.780000,11.227224,4013600
2007-07-20,11.750000,11.770000,11.410000,11.500000,10.960364,1357100
2007-07-23,11.500000,11.500000,11.240000,11.440000,10.903180,1747000
2007-07-24,11.260000,11.320000,11.030000,11.060000,10.541012,1750700
2007-07-25,11.100000,11.260000,10.650000,10.770000,10.264619,2164700
2007-07-26,10.460000,10.460000,9.660000,9.910000,9.444973,3902400
2007-07-27,9.910000,10.020000,9.540000,9.560000,9.111399,2527300
2007-07-30,9.600000,9.680000,9.380000,9.620000,9.168583,1828100
2007-07-31,9.620000,9.790000,9.300000,9.360000,8.920782,1978900
2007-08-01,9.290000,9.360000,8.940000,9.110000,8.682512,2471600
2007-08-02,9.130000,9.220000,8.810000,8.930000,8.510962,1411400
2007-08-03,8.950000,9.030000,8.530000,8.550000,8.148792,1600700
2007-08-06,8.620000,8.650000,8.220000,8.360000,7.967707,2875000
2007-08-07,8.320000,8.410000,8.040000,8.320000,7.929585,2255500
2007-08-08,8.430000,8.540000,7.940000,8.110000,7.729438,3353000
2007-08-09,7.980000,8.050000,7.470000,7.650000,7.291024,3708200
2007-08-10,7.400000,8.900000,7.340000,8.690000,8.282222,4724300
2007-08-13,8.710000,9.150000,8.420000,8.510000,8.110669,1784000
2007-08-14,8.510000,8.830000,8.370000,8.380000,7.986769,1329400
2007-08-15,8.350000,8.530000,7.960000,7.960000,7.586478,1425900
2007-08-16,7.900000,8.050000,7.560000,8.010000,7.634132,2240900
2007-08-17,8.320000,8.450000,8.120000,8.330000,7.939115,1871000
2007-08-20,8.350000,8.510000,8.270000,8.460000,8.063015,976400
2007-08-21,8.430000,8.480000,8.180000,8.230000,7.843808,652300
2007-08-22,8.260000,8.320000,8.150000,8.200000,7.815216,1017800
2007-08-23,8.220000,8.310000,8.060000,8.220000,7.834278,582600
2007-08-24,8.210000,8.320000,8.100000,8.260000,7.872400,431300
2007-08-27,8.200000,8.280000,8.130000,8.230000,7.843808,571000
2007-08-28,8.190000,8.280000,7.880000,7.920000,7.548356,753900
2007-08-29,7.990000,8.280000,7.920000,8.190000,7.805685,860700
2007-08-30,8.230000,8.520000,8.130000,8.330000,7.939115,1001100
2007-08-31,8.490000,8.620000,8.350000,8.540000,8.139261,1088200
2007-09-04,8.830000,9.350000,8.770000,9.040000,8.615799,3787300
2007-09-05,9.000000,9.050000,8.690000,8.710000,8.301285,2108600
2007-09-06,8.720000,8.770000,8.470000,8.510000,8.110669,1857300
2007-09-07,8.440000,8.470000,8.180000,8.280000,7.891462,1353000
2007-09-10,8.370000,8.400000,8.140000,8.220000,7.834278,1088500
2007-09-11,8.190000,8.320000,8.170000,8.220000,7.834278,1426300
2007-09-12,8.210000,8.410000,8.180000,8.180000,7.796155,992300
2007-09-13,8.250000,8.350000,8.120000,8.200000,7.815216,814700
2007-09-14,8.180000,8.230000,8.140000,8.190000,7.805685,597900
2007-09-17,8.130000,8.250000,8.130000,8.210000,7.824746,564800
2007-09-18,8.270000,8.520000,8.200000,8.500000,8.101139,1036700
2007-09-19,8.550000,8.680000,8.500000,8.600000,8.196445,1318000
2007-09-20,8.600000,8.690000,8.480000,8.610000,8.205976,705500
2007-09-21,8.690000,8.810000,8.610000,8.660000,8.253631,822200
2007-09-24,8.690000,8.860000,8.440000,8.540000,8.139261,851600
2007-09-25,8.480000,8.610000,8.370000,8.460000,8.063015,684200
2007-09-26,8.520000,8.590000,8.350000,8.410000,8.015361,665000
2007-09-27,8.470000,8.510000,8.330000,8.500000,8.101139,668900
2007-09-28,8.520000,8.640000,8.460000,8.480000,8.082077,775400
2007-10-01,8.510000,8.850000,8.480000,8.840000,8.425183,644800
2007-10-02,8.880000,8.880000,8.660000,8.740000,8.329876,526900
2007-10-03,8.700000,8.760000,8.520000,8.550000,8.148792,1102400
2007-10-04,8.620000,8.620000,8.460000,8.570000,8.167853,721000
2007-10-05,8.650000,8.850000,8.550000,8.830000,8.415653,531600
2007-10-08,8.890000,8.890000,8.650000,8.720000,8.310815,484600
2007-10-09,8.780000,8.780000,8.450000,8.660000,8.253631,1153400
2007-10-10,8.700000,8.820000,8.600000,8.740000,8.329876,1943300
2007-10-11,8.800000,8.800000,8.440000,8.440000,8.043954,940200
2007-10-12,8.430000,8.620000,8.430000,8.560000,8.158324,416200
2007-10-15,8.560000,8.570000,8.240000,8.370000,7.977238,620700
2007-10-16,8.330000,8.370000,8.020000,8.030000,7.653193,1838200
2007-10-17,8.150000,8.260000,8.030000,8.150000,7.767561,1076100
2007-10-18,8.090000,8.170000,8.050000,8.100000,7.719908,515200
2007-10-19,8.100000,8.100000,7.770000,7.780000,7.414924,889300
2007-10-22,7.740000,7.930000,7.550000,7.630000,7.271963,1352300
2007-10-23,7.720000,7.780000,7.600000,7.680000,7.319616,1340000
2007-10-24,7.800000,7.800000,7.520000,7.650000,7.291024,1095500
2007-10-25,7.680000,7.680000,7.430000,7.460000,7.109940,920100
2007-10-26,7.580000,7.580000,7.460000,7.540000,7.186186,800400
2007-10-29,7.690000,7.690000,7.480000,7.510000,7.157594,1045800
2007-10-30,7.500000,7.780000,7.500000,7.650000,7.291024,1000500
2007-10-31,7.710000,7.760000,7.500000,7.570000,7.214778,971800
2007-11-01,7.500000,7.570000,7.270000,7.290000,6.947917,1070300
2007-11-02,7.370000,7.370000,7.240000,7.280000,6.938387,546200
2007-11-05,7.300000,7.300000,7.110000,7.130000,6.795426,591500
2007-11-06,7.200000,7.200000,6.890000,7.060000,6.728709,1204500
2007-11-07,6.950000,7.020000,6.670000,6.670000,6.357011,1181200
2007-11-08,6.700000,6.720000,6.480000,6.620000,6.309357,1137700
2007-11-09,6.560000,6.580000,6.490000,6.510000,6.204519,1075900
2007-11-12,6.600000,6.760000,6.470000,6.710000,6.395134,1267900
2007-11-13,6.750000,6.760000,6.620000,6.710000,6.395134,841900
2007-11-14,6.740000,7.000000,6.720000,6.780000,6.461850,939500
2007-11-15,7.500000,7.850000,7.310000,7.470000,7.119471,5214000
2007-11-16,7.490000,7.590000,7.280000,7.380000,7.033694,1825700
2007-11-19,7.220000,7.500000,7.110000,7.360000,7.014633,1806200
2007-11-20,7.360000,7.460000,7.110000,7.290000,6.947917,1650000
2007-11-21,7.230000,7.290000,7.030000,7.170000,6.833548,1062000
2007-11-23,7.220000,7.400000,7.160000,7.400000,7.052756,355500
2007-11-26,7.380000,7.430000,7.070000,7.160000,6.824018,874000
2007-11-27,7.210000,7.310000,7.130000,7.250000,6.909795,950800
2007-11-28,7.340000,7.500000,7.280000,7.430000,7.081347,980900
2007-11-29,7.410000,7.480000,7.380000,7.410000,7.062286,601600
2007-11-30,7.560000,7.560000,7.080000,7.080000,6.747772,1535600
2007-12-03,7.090000,7.150000,7.040000,7.080000,6.747772,596800
2007-12-04,7.030000,7.110000,6.960000,6.960000,6.633403,666000
2007-12-05,7.050000,7.160000,6.970000,7.080000,6.747772,664900
2007-12-06,7.070000,7.240000,6.980000,7.220000,6.881202,757600
2007-12-07,7.140000,7.250000,7.110000,7.150000,6.814487,525200
2007-12-10,7.160000,7.220000,7.130000,7.170000,6.833548,579600
2007-12-11,7.200000,7.200000,6.920000,6.950000,6.623872,1206900
2007-12-12,7.120000,7.120000,6.740000,6.870000,6.547626,1385400
2007-12-13,6.800000,6.870000,6.680000,6.820000,6.499972,856900
2007-12-14,6.710000,6.840000,6.640000,6.730000,6.414196,857100
2007-12-17,6.680000,6.780000,6.570000,6.610000,6.299826,931800
2007-12-18,6.700000,6.710000,6.580000,6.690000,6.376072,600700
2007-12-19,6.650000,6.910000,6.650000,6.870000,6.547626,762700
2007-12-20,6.920000,6.980000,6.820000,6.980000,6.652463,635600
2007-12-21,7.030000,7.190000,7.020000,7.080000,6.747772,1081400
2007-12-24,7.120000,7.230000,7.060000,7.180000,6.843079,326000
2007-12-26,7.190000,7.230000,7.080000,7.190000,6.852610,429100
2007-12-27,7.160000,7.200000,6.840000,6.870000,6.547626,552400
2007-12-28,6.900000,7.010000,6.840000,6.840000,6.519034,493100
2007-12-31,6.840000,6.870000,6.700000,6.860000,6.538096,869600
2008-01-02,6.920000,6.930000,6.440000,6.620000,6.309357,1345000
2008-01-03,6.610000,6.660000,6.500000,6.510000,6.204519,567200
2008-01-04,6.460000,6.500000,5.760000,5.840000,5.565959,2185700
2008-01-07,5.850000,6.290000,5.850000,6.070000,5.785165,1664600
2008-01-08,6.020000,6.220000,5.910000,6.020000,5.737512,2120900
2008-01-09,6.020000,6.020000,5.440000,5.620000,5.356282,2718900
2008-01-10,5.660000,5.960000,5.480000,5.850000,5.575490,1551500
2008-01-11,5.840000,5.880000,5.580000,5.680000,5.413466,1235300
2008-01-14,5.720000,5.830000,5.610000,5.680000,5.413466,1379300
2008-01-15,5.640000,5.680000,5.270000,5.570000,5.308628,1983500
2008-01-16,5.460000,5.880000,5.450000,5.790000,5.518305,1380800
2008-01-17,5.820000,5.900000,5.730000,5.760000,5.489712,861300
2008-01-18,5.770000,5.950000,5.710000,5.770000,5.499243,1470800
2008-01-22,5.570000,5.910000,5.500000,5.790000,5.518305,1074200
2008-01-23,5.750000,6.000000,5.530000,5.980000,5.699389,1229700
2008-01-24,6.000000,6.230000,5.830000,6.060000,5.775635,2302900
2008-01-25,6.170000,6.170000,5.690000,5.770000,5.499243,1884400
2008-01-28,5.770000,5.770000,5.540000,5.700000,5.432528,1338600
2008-01-29,5.760000,5.780000,5.500000,5.580000,5.318159,1278000
2008-01-30,5.510000,5.590000,5.320000,5.390000,5.137074,1628100
2008-01-31,5.360000,5.460000,5.250000,5.390000,5.137074,1550100
2008-02-01,5.450000,5.710000,5.230000,5.650000,5.384874,1792600
2008-02-04,5.740000,5.740000,5.520000,5.730000,5.461120,1934200
2008-02-05,5.610000,5.680000,5.320000,5.320000,5.070360,1135500
2008-02-06,5.380000,5.490000,5.090000,5.140000,4.898806,1582100
2008-02-07,5.150000,5.410000,5.080000,5.380000,5.127545,1743200
2008-02-08,5.400000,5.550000,5.240000,5.410000,5.156136,1277700
2008-02-11,5.450000,5.520000,5.320000,5.400000,5.146606,1983300
2008-02-12,5.420000,5.570000,5.340000,5.490000,5.232382,1068200
2008-02-13,5.570000,5.590000,5.310000,5.340000,5.089421,1897200
2008-02-14,5.370000,5.450000,5.330000,5.350000,5.098951,959400
2008-02-15,5.310000,5.380000,5.150000,5.210000,4.965522,558300
2008-02-19,5.290000,5.370000,5.210000,5.280000,5.032237,840000
2008-02-20,5.250000,5.500000,5.210000,5.430000,5.175198,1036000
2008-02-21,5.500000,5.630000,5.310000,5.340000,5.089421,1229300
2008-02-22,5.340000,5.400000,5.170000,5.260000,5.013175,893400
2008-02-25,5.280000,5.410000,5.180000,5.220000,4.975051,1212600
2008-02-26,5.200000,5.420000,5.190000,5.330000,5.079890,881700
2008-02-27,5.360000,5.460000,5.310000,5.460000,5.203790,617700
2008-02-28,5.450000,5.450000,5.270000,5.330000,5.079890,782300
2008-02-29,5.260000,5.290000,5.150000,5.150000,4.908337,1019900
2008-03-03,5.140000,5.160000,4.910000,4.990000,4.755844,1034200
2008-03-04,4.950000,4.980000,4.800000,4.920000,4.689130,639000
2008-03-05,4.950000,5.040000,4.880000,4.960000,4.727253,1107500
2008-03-06,4.990000,5.080000,4.750000,4.790000,4.565230,1032900
2008-03-07,4.720000,4.830000,4.600000,4.730000,4.508046,986200
2008-03-10,4.760000,4.800000,4.620000,4.620000,4.403207,585900
2008-03-11,4.760000,5.020000,4.670000,5.010000,4.774906,1148000
2008-03-12,4.990000,5.090000,4.690000,4.700000,4.479453,785300
2008-03-13,4.650000,4.930000,4.550000,4.870000,4.641475,976600
2008-03-14,4.910000,4.950000,4.650000,4.680000,4.460391,806100
2008-03-17,4.580000,4.710000,4.570000,4.630000,4.412738,479600
2008-03-18,4.740000,4.870000,4.620000,4.870000,4.641475,692000
2008-03-19,4.920000,4.930000,4.650000,4.650000,4.431799,731100
2008-03-20,4.730000,4.960000,4.640000,4.910000,4.679599,1471800
2008-03-24,4.950000,5.160000,4.950000,5.090000,4.851152,1213500
2008-03-25,5.100000,5.160000,4.990000,5.110000,4.870214,724200
2008-03-26,5.080000,5.090000,4.760000,4.800000,4.574760,1298000
2008-03-27,4.840000,4.920000,4.790000,4.790000,4.565230,749700
2008-03-28,4.800000,4.870000,4.690000,4.700000,4.479453,477000
2008-03-31,4.850000,4.850000,4.660000,4.780000,4.555699,693000
2008-04-01,4.830000,5.020000,4.830000,5.020000,4.784438,792500
2008-04-02,5.010000,5.330000,5.000000,5.320000,5.070360,1696700
2008-04-03,5.300000,5.540000,5.210000,5.510000,5.251444,1186500
2008-04-04,5.500000,5.590000,5.400000,5.560000,5.299097,1215500
2008-04-07,5.690000,5.770000,5.630000,5.650000,5.384874,1172300
2008-04-08,5.550000,5.680000,5.460000,5.520000,5.260974,1287000
2008-04-09,5.520000,5.550000,5.320000,5.330000,5.079890,685900
2008-04-10,5.340000,5.540000,5.270000,5.490000,5.232382,1027100
2008-04-11,5.450000,5.530000,5.260000,5.290000,5.041767,953100
2008-04-14,5.300000,5.330000,5.210000,5.270000,5.022706,933800
2008-04-15,5.320000,5.320000,5.150000,5.290000,5.041767,449500
2008-04-16,5.400000,5.740000,5.400000,5.660000,5.394405,1467100
2008-04-17,5.610000,5.650000,5.440000,5.610000,5.346751,461900
2008-04-18,5.720000,5.900000,5.620000,5.830000,5.556427,762700
2008-04-21,5.770000,5.780000,5.630000,5.690000,5.422997,444800
2008-04-22,5.670000,5.690000,5.350000,5.510000,5.251444,709300
2008-04-23,5.530000,5.580000,5.360000,5.570000,5.308628,777300
2008-04-24,5.520000,5.840000,5.270000,5.600000,5.337220,1482200
2008-04-25,5.610000,6.070000,5.610000,6.020000,5.737512,961100
2008-04-28,6.000000,6.150000,5.930000,6.120000,5.832819,595200
2008-04-29,6.140000,6.620000,6.020000,6.620000,6.309357,1653600
2008-04-30,6.670000,6.750000,6.490000,6.590000,6.280765,2201100
2008-05-01,6.600000,6.850000,6.580000,6.730000,6.414196,1031400
2008-05-02,6.800000,6.980000,6.690000,6.910000,6.585749,964900
2008-05-05,6.810000,6.960000,6.660000,6.710000,6.395134,715000
2008-05-06,6.670000,6.850000,6.640000,6.790000,6.471380,868600
2008-05-07,6.810000,6.950000,6.690000,6.710000,6.395134,501400
2008-05-08,6.780000,6.920000,6.640000,6.760000,6.442788,652500
2008-05-09,6.660000,6.870000,6.600000,6.800000,6.480911,400900
2008-05-12,6.840000,6.990000,6.810000,6.960000,6.633403,487600
2008-05-13,6.960000,7.110000,6.830000,6.870000,6.547626,597700
2008-05-14,6.890000,6.990000,6.790000,6.820000,6.499972,652100
2008-05-15,6.890000,6.890000,6.730000,6.810000,6.490442,514900
2008-05-16,6.860000,6.950000,6.640000,6.920000,6.595280,770200
2008-05-19,6.960000,7.090000,6.830000,6.950000,6.623872,698900
2008-05-20,6.900000,7.010000,6.730000,6.890000,6.566687,1275000
2008-05-21,6.850000,7.000000,6.750000,6.820000,6.499972,558400
2008-05-22,6.820000,7.000000,6.760000,6.850000,6.528564,490600
2008-05-23,6.710000,6.830000,6.560000,6.650000,6.337949,619500
2008-05-27,6.410000,6.800000,6.400000,6.770000,6.452318,689400
2008-05-28,6.660000,6.880000,6.650000,6.850000,6.528564,339600
2008-05-29,6.840000,7.060000,6.830000,6.980000,6.652463,476400
2008-05-30,6.970000,7.110000,6.960000,7.080000,6.747772,470000
2008-06-02,7.010000,7.060000,6.850000,6.950000,6.623872,401400
2008-06-03,6.950000,7.000000,6.790000,6.900000,6.576218,294900
2008-06-04,6.860000,7.000000,6.840000,6.890000,6.566687,498000
2008-06-05,6.900000,7.100000,6.890000,7.050000,6.719179,767200
2008-06-06,6.990000,7.140000,6.900000,6.900000,6.576218,531400
2008-06-09,6.950000,7.070000,6.770000,6.920000,6.595280,621100
2008-06-10,6.830000,6.970000,6.780000,6.820000,6.499972,524800
2008-06-11,6.820000,6.840000,6.540000,6.540000,6.233110,666500
2008-06-12,6.580000,6.740000,6.270000,6.300000,6.004374,939400
2008-06-13,6.300000,6.650000,6.300000,6.550000,6.242642,686000
2008-06-16,6.830000,7.280000,6.740000,7.170000,6.833548,2131100
2008-06-17,7.240000,7.660000,7.210000,7.570000,7.214778,1914700
2008-06-18,7.500000,7.900000,7.470000,7.820000,7.453047,1159900
2008-06-19,7.790000,7.950000,7.600000,7.740000,7.376801,1883000
2008-06-20,7.680000,7.710000,7.310000,7.630000,7.271963,1511200
2008-06-23,7.650000,7.750000,7.430000,7.490000,7.138532,706000
2008-06-24,7.400000,7.530000,7.260000,7.360000,7.014633,773800
2008-06-25,7.390000,7.750000,7.390000,7.720000,7.357740,1016800
2008-06-26,7.630000,7.630000,7.200000,7.280000,6.938387,891400
2008-06-27,7.280000,7.380000,7.060000,7.080000,6.747772,1457900
2008-06-30,7.100000,7.410000,7.060000,7.290000,6.947917,845900
2008-07-01,7.250000,7.490000,7.160000,7.480000,7.129002,735800
2008-07-02,7.470000,7.480000,6.980000,7.030000,6.700119,863700
2008-07-03,7.030000,7.130000,6.660000,6.670000,6.357011,582600
2008-07-07,6.720000,6.800000,6.460000,6.480000,6.175926,989500
2008-07-08,6.480000,6.690000,6.390000,6.690000,6.376072,715900
2008-07-09,6.680000,6.720000,6.400000,6.400000,6.099680,513500
2008-07-10,6.400000,6.590000,6.310000,6.440000,6.137804,667200
2008-07-11,6.380000,6.440000,6.060000,6.350000,6.052027,807400
2008-07-14,6.410000,6.500000,6.260000,6.320000,6.023435,691400
2008-07-15,6.230000,6.660000,6.200000,6.420000,6.118742,829200
2008-07-16,6.460000,6.830000,6.440000,6.760000,6.442788,595400
2008-07-17,6.790000,6.890000,6.640000,6.820000,6.499972,612200
2008-07-18,6.820000,6.820000,6.300000,6.400000,6.099680,1075700
2008-07-21,6.410000,6.680000,6.350000,6.610000,6.299826,567800
2008-07-22,6.580000,6.650000,6.450000,6.550000,6.242642,707100
2008-07-23,6.580000,6.890000,6.430000,6.760000,6.442788,715300
2008-07-24,6.790000,6.880000,6.500000,6.570000,6.261704,427700
2008-07-25,6.590000,6.800000,6.500000,6.670000,6.357011,370300
2008-07-28,6.630000,6.630000,6.360000,6.510000,6.204519,504600
2008-07-29,6.550000,6.850000,6.510000,6.700000,6.385602,359600
2008-07-30,6.750000,6.830000,6.470000,6.660000,6.347480,906500
2008-07-31,6.550000,6.600000,6.330000,6.360000,6.061558,949400
2008-08-01,6.390000,6.580000,6.190000,6.230000,5.937658,582800
2008-08-04,6.360000,6.600000,6.250000,6.520000,6.214049,936400
2008-08-05,6.700000,6.700000,6.510000,6.640000,6.328419,633500
2008-08-06,6.300000,6.560000,5.230000,5.510000,5.251444,2908800
2008-08-07,5.490000,5.830000,5.450000,5.640000,5.375343,900300
2008-08-08,5.710000,5.820000,5.610000,5.730000,5.461120,685000
2008-08-11,5.710000,6.110000,5.700000,5.940000,5.661266,977200
2008-08-12,5.950000,5.950000,5.700000,5.800000,5.527836,901300
2008-08-13,5.870000,6.050000,5.790000,6.020000,5.737512,1331600
2008-08-14,5.950000,6.120000,5.920000,5.950000,5.670797,652700
2008-08-15,6.030000,6.060000,5.650000,5.750000,5.480182,741300
2008-08-18,5.750000,5.770000,5.430000,5.550000,5.289567,601600
2008-08-19,5.510000,5.580000,5.390000,5.400000,5.146606,491000
2008-08-20,5.460000,5.510000,5.260000,5.330000,5.079890,685900
2008-08-21,5.270000,5.290000,5.120000,5.130000,4.889275,1045100
2008-08-22,5.180000,5.220000,5.110000,5.150000,4.908337,770600
2008-08-25,5.130000,5.150000,5.010000,5.140000,4.898806,645000
2008-08-26,5.150000,5.160000,5.050000,5.070000,4.832090,550600
2008-08-27,5.100000,5.240000,5.080000,5.140000,4.898806,405500
2008-08-28,5.150000,5.190000,5.090000,5.170000,4.927398,433500
2008-08-29,5.160000,5.180000,5.070000,5.140000,4.898806,411800
2008-09-02,5.270000,5.350000,5.130000,5.210000,4.965522,838100
2008-09-03,5.210000,5.280000,5.030000,5.060000,4.822560,653700
2008-09-04,5.030000,5.100000,4.890000,5.030000,4.793968,1279000
2008-09-05,5.050000,5.070000,4.950000,5.010000,4.774906,708800
2008-09-08,5.150000,5.270000,4.970000,5.080000,4.841621,543500
2008-09-09,5.100000,5.160000,4.900000,4.970000,4.736783,420700
2008-09-10,5.040000,5.100000,4.950000,5.030000,4.793968,461500
2008-09-11,4.870000,4.960000,4.850000,4.950000,4.717721,629400
2008-09-12,4.970000,5.050000,4.850000,4.930000,4.698660,478800
2008-09-15,4.800000,4.980000,4.760000,4.770000,4.546168,453000
2008-09-16,4.750000,4.810000,4.630000,4.740000,4.517576,591800
2008-09-17,4.730000,4.800000,4.600000,4.630000,4.412738,617000
2008-09-18,4.710000,4.800000,4.550000,4.790000,4.565230,915600
2008-09-19,5.030000,5.180000,4.760000,5.010000,4.774906,1290200
2008-09-22,5.080000,5.110000,4.840000,5.000000,4.765375,529200
2008-09-23,4.990000,5.030000,4.720000,4.790000,4.565230,525100
2008-09-24,4.810000,4.850000,4.610000,4.610000,4.393676,676000
2008-09-25,4.560000,4.790000,4.560000,4.630000,4.412738,429700
2008-09-26,4.530000,4.870000,4.530000,4.820000,4.593822,442100
2008-09-29,4.580000,4.710000,4.370000,4.410000,4.203062,873500
2008-09-30,4.490000,4.610000,4.420000,4.510000,4.298368,581300
2008-10-01,4.530000,4.530000,4.330000,4.390000,4.184000,500000
2008-10-02,4.340000,4.400000,4.100000,4.100000,3.907608,659600
2008-10-03,4.170000,4.270000,3.800000,3.820000,3.640747,858200
2008-10-06,3.780000,3.870000,3.500000,3.770000,3.593093,738400
2008-10-07,3.530000,3.800000,3.500000,3.540000,3.373886,644700
2008-10-08,3.500000,3.690000,3.330000,3.550000,3.383417,648600
2008-10-09,3.550000,3.690000,3.170000,3.180000,3.030779,553800
2008-10-10,3.130000,3.300000,2.790000,3.130000,2.983125,898000
2008-10-13,3.390000,3.580000,3.250000,3.530000,3.364355,592300
2008-10-14,3.730000,3.730000,3.350000,3.360000,3.202332,398400
2008-10-15,3.390000,3.570000,3.060000,3.070000,2.925941,390000
2008-10-16,3.090000,3.390000,3.000000,3.360000,3.202332,385900
2008-10-17,3.230000,3.550000,3.220000,3.300000,3.145148,363000
2008-10-20,3.340000,3.510000,3.310000,3.510000,3.345294,195800
2008-10-21,3.430000,3.490000,3.300000,3.310000,3.154678,239400
2008-10-22,3.280000,3.450000,2.980000,3.040000,2.897348,496700
2008-10-23,3.020000,3.020000,2.660000,2.800000,2.668610,613700
2008-10-24,2.590000,2.720000,2.500000,2.560000,2.439872,438000
2008-10-27,2.560000,2.670000,2.410000,2.420000,2.306442,407200
2008-10-28,2.500000,2.680000,2.400000,2.530000,2.411280,406200
2008-10-29,2.550000,2.550000,2.370000,2.450000,2.335034,552200
2008-10-30,2.500000,2.650000,2.450000,2.620000,2.497056,495800
2008-10-31,2.580000,2.960000,2.510000,2.940000,2.802041,833500
2008-11-03,2.990000,3.170000,2.850000,3.060000,2.916410,428800
2008-11-04,3.200000,3.290000,3.150000,3.230000,3.078433,386100
2008-11-05,3.200000,3.220000,2.890000,2.960000,2.821102,335100
2008-11-06,2.950000,2.950000,2.540000,2.550000,2.430341,411800
2008-11-07,2.570000,2.710000,2.500000,2.600000,2.477995,320900
2008-11-10,2.650000,2.810000,2.380000,2.460000,2.344565,311300
2008-11-11,2.450000,2.460000,2.250000,2.260000,2.153950,365000
2008-11-12,2.250000,2.410000,1.960000,2.060000,1.963335,538400
2008-11-13,1.920000,2.710000,1.830000,2.480000,2.363626,1059000
2008-11-14,2.490000,2.490000,2.010000,2.020000,1.925212,573100
2008-11-17,2.010000,2.240000,1.760000,1.790000,1.706004,661400
2008-11-18,1.850000,1.880000,1.650000,1.670000,1.591635,660300
2008-11-19,1.660000,1.670000,1.130000,1.270000,1.210405,1640600
2008-11-20,1.310000,1.470000,1.130000,1.140000,1.086506,691200
2008-11-21,1.300000,1.300000,1.150000,1.270000,1.210405,898600
2008-11-24,1.290000,1.350000,1.150000,1.200000,1.143690,882000
2008-11-25,1.220000,1.270000,1.110000,1.260000,1.200875,720900
2008-11-26,1.250000,1.280000,1.190000,1.260000,1.200875,1414700
2008-11-28,1.320000,1.460000,1.310000,1.410000,1.343836,550400
2008-12-01,1.380000,1.390000,1.200000,1.210000,1.153221,417000
2008-12-02,1.320000,1.360000,1.220000,1.290000,1.229467,732400
2008-12-03,1.260000,1.350000,1.210000,1.250000,1.191344,440200
2008-12-04,1.250000,1.350000,1.230000,1.240000,1.181813,420800
2008-12-05,1.250000,1.320000,1.200000,1.320000,1.258059,318300
2008-12-08,1.360000,1.550000,1.320000,1.550000,1.477266,604800
2008-12-09,1.600000,1.810000,1.500000,1.650000,1.572574,564800
2008-12-10,1.680000,1.740000,1.500000,1.630000,1.553512,406000
2008-12-11,1.620000,1.670000,1.410000,1.420000,1.353366,396100
2008-12-12,1.400000,1.690000,1.400000,1.690000,1.610697,291400
2008-12-15,1.680000,1.680000,1.540000,1.550000,1.477266,303000
2008-12-16,1.610000,1.680000,1.500000,1.680000,1.601166,392700
2008-12-17,1.650000,1.860000,1.640000,1.790000,1.706004,374700
2008-12-18,1.830000,1.870000,1.680000,1.700000,1.620228,380500
2008-12-19,1.790000,1.840000,1.690000,1.690000,1.610697,1577600
2008-12-22,1.690000,1.730000,1.490000,1.620000,1.543981,442100
2008-12-23,1.640000,1.680000,1.570000,1.620000,1.543981,253800
2008-12-24,1.610000,1.670000,1.550000,1.580000,1.505859,177700
2008-12-26,1.540000,1.560000,1.460000,1.520000,1.448674,199900
2008-12-29,1.520000,1.520000,1.440000,1.500000,1.429613,478800
2008-12-30,1.510000,1.690000,1.500000,1.660000,1.582105,383400
2008-12-31,1.670000,1.770000,1.610000,1.700000,1.620228,360400
2009-01-02,1.750000,1.870000,1.740000,1.850000,1.763189,290100
2009-01-05,1.860000,1.980000,1.800000,1.890000,1.801312,474400
2009-01-06,1.960000,2.220000,1.890000,2.200000,2.096765,804000
2009-01-07,2.030000,2.100000,1.970000,2.040000,1.944273,952000
2009-01-08,2.040000,2.250000,1.920000,2.230000,2.125358,462100
2009-01-09,2.200000,2.300000,2.060000,2.110000,2.010988,461900
2009-01-12,2.120000,2.220000,1.890000,1.890000,1.801312,334200
2009-01-13,1.860000,1.940000,1.780000,1.780000,1.696474,270500
2009-01-14,1.720000,1.750000,1.590000,1.590000,1.515390,513600
2009-01-15,1.590000,1.630000,1.470000,1.600000,1.524920,349700
2009-01-16,1.620000,1.690000,1.500000,1.670000,1.591635,310700
2009-01-20,1.640000,1.640000,1.490000,1.490000,1.420082,359000
2009-01-21,1.490000,1.660000,1.410000,1.660000,1.582105,290900
2009-01-22,1.430000,1.630000,1.430000,1.550000,1.477266,208900
2009-01-23,1.520000,1.620000,1.500000,1.590000,1.515390,206300
2009-01-26,1.600000,1.700000,1.550000,1.680000,1.601166,203500
2009-01-27,1.680000,1.720000,1.610000,1.690000,1.610697,255900
2009-01-28,1.720000,1.720000,1.620000,1.620000,1.543981,269700
2009-01-29,1.600000,1.620000,1.520000,1.530000,1.458205,255300
2009-01-30,1.500000,1.570000,1.430000,1.530000,1.458205,382500
2009-02-02,1.500000,1.520000,1.390000,1.440000,1.372428,402700
2009-02-03,1.500000,1.560000,1.420000,1.540000,1.467736,213600
2009-02-04,1.530000,1.640000,1.510000,1.560000,1.486797,285900
2009-02-05,1.530000,1.670000,1.500000,1.650000,1.572574,226600
2009-02-06,1.670000,1.710000,1.620000,1.700000,1.620228,224900
2009-02-09,1.680000,1.750000,1.680000,1.750000,1.667881,87800
2009-02-10,1.740000,1.760000,1.660000,1.700000,1.620228,390600
2009-02-11,1.680000,1.760000,1.650000,1.750000,1.667881,136700
2009-02-12,1.720000,1.760000,1.690000,1.710000,1.629758,129000
2009-02-13,1.710000,1.800000,1.700000,1.750000,1.667881,180800
2009-02-17,1.660000,1.690000,1.620000,1.620000,1.543981,148500
2009-02-18,1.600000,1.730000,1.510000,1.520000,1.448674,173500
2009-02-19,1.540000,1.590000,1.350000,1.380000,1.315244,386200
2009-02-20,1.380000,1.440000,1.350000,1.400000,1.334305,203700
2009-02-23,1.420000,1.430000,1.260000,1.260000,1.200875,277500
2009-02-24,1.290000,1.350000,1.290000,1.350000,1.286651,251300
2009-02-25,1.370000,1.380000,1.270000,1.270000,1.210405,319300
2009-02-26,1.300000,1.590000,1.300000,1.530000,1.458205,566400
2009-02-27,1.450000,1.500000,1.350000,1.350000,1.286651,283900
2009-03-02,1.320000,1.320000,1.200000,1.220000,1.162752,278400
2009-03-03,1.260000,1.310000,1.240000,1.290000,1.229467,311800
2009-03-04,1.330000,1.330000,1.250000,1.290000,1.229467,238400
2009-03-05,1.240000,1.260000,1.150000,1.150000,1.096036,234300
2009-03-06,1.200000,1.250000,1.160000,1.220000,1.162752,238900
2009-03-09,1.200000,1.210000,1.150000,1.150000,1.096036,248300
2009-03-10,1.180000,1.470000,1.180000,1.470000,1.401020,506400
2009-03-11,1.480000,1.480000,1.210000,1.350000,1.286651,207200
2009-03-12,1.340000,1.500000,1.270000,1.490000,1.420082,311900
2009-03-13,1.500000,1.580000,1.420000,1.550000,1.477266,332500
2009-03-16,1.790000,1.790000,1.450000,1.490000,1.420082,387500
2009-03-17,1.490000,1.780000,1.390000,1.770000,1.686943,307800
2009-03-18,1.760000,1.800000,1.620000,1.750000,1.667881,306500
2009-03-19,1.750000,1.750000,1.600000,1.740000,1.658351,150100
2009-03-20,1.750000,1.750000,1.600000,1.670000,1.591635,388500
2009-03-23,1.740000,2.100000,1.550000,2.060000,1.963335,503200
2009-03-24,1.990000,2.140000,1.950000,2.110000,2.010988,312300
2009-03-25,2.210000,2.320000,2.070000,2.290000,2.182542,652600
2009-03-26,2.340000,2.670000,2.340000,2.670000,2.544711,884500
2009-03-27,2.620000,2.660000,2.500000,2.560000,2.439872,636100
2009-03-30,2.410000,2.490000,2.110000,2.450000,2.335034,703300
2009-03-31,2.500000,2.770000,2.450000,2.620000,2.497056,618200
2009-04-01,2.600000,2.770000,2.500000,2.770000,2.640018,315000
2009-04-02,2.650000,3.250000,2.610000,3.100000,2.954533,885700
2009-04-03,3.090000,3.220000,2.950000,3.050000,2.906879,353500
2009-04-06,3.000000,3.000000,2.750000,2.880000,2.744856,319500
2009-04-07,2.780000,2.880000,2.730000,2.780000,2.649549,296200
2009-04-08,2.800000,3.050000,2.800000,3.050000,2.906879,233000
2009-04-09,3.130000,3.460000,3.120000,3.460000,3.297640,497000
2009-04-13,3.390000,3.500000,3.270000,3.480000,3.316701,401400
2009-04-14,3.400000,3.500000,3.270000,3.320000,3.164209,357900
2009-04-15,3.280000,3.470000,3.260000,3.470000,3.307171,245500
2009-04-16,3.500000,3.830000,3.410000,3.800000,3.621686,742100
2009-04-17,3.820000,3.850000,3.680000,3.760000,3.583562,401100
2009-04-20,3.560000,3.650000,3.360000,3.390000,3.230925,476300
2009-04-21,3.300000,3.600000,3.070000,3.460000,3.297640,391100
2009-04-22,3.400000,3.870000,3.380000,3.660000,3.488255,469900
2009-04-23,3.770000,3.780000,3.500000,3.580000,3.412009,312200
2009-04-24,3.530000,3.680000,3.460000,3.630000,3.459663,451200
2009-04-27,3.460000,3.550000,3.340000,3.340000,3.183270,290400
2009-04-28,3.290000,3.760000,3.250000,3.740000,3.564501,558100
2009-04-29,3.760000,3.930000,3.570000,3.720000,3.545439,526500
2009-04-30,3.770000,4.060000,3.700000,4.000000,3.812300,1039000
2009-05-01,4.000000,4.000000,3.810000,3.940000,3.755116,360100
2009-05-04,3.870000,4.250000,3.870000,4.150000,3.955262,651700
2009-05-05,4.080000,4.230000,4.010000,4.200000,4.002915,472500
2009-05-06,4.240000,4.400000,4.050000,4.130000,3.936200,322500
2009-05-07,4.140000,4.200000,3.640000,3.690000,3.516847,497800
2009-05-08,3.780000,3.960000,3.660000,3.950000,3.764647,297500
2009-05-11,3.580000,3.860000,3.580000,3.810000,3.631216,368000
2009-05-12,3.820000,3.880000,3.210000,3.500000,3.335763,938600
2009-05-13,3.430000,3.460000,3.230000,3.280000,3.126086,509900
2009-05-14,3.250000,3.530000,3.250000,3.510000,3.345294,441300
2009-05-15,3.500000,3.570000,3.330000,3.360000,3.202332,215800
2009-05-18,3.440000,3.710000,3.440000,3.700000,3.526378,197400
2009-05-19,4.130000,4.770000,4.120000,4.620000,4.403207,2593100
2009-05-20,4.660000,4.950000,4.530000,4.790000,4.565230,863700
2009-05-21,4.610000,4.690000,4.450000,4.550000,4.336492,507200
2009-05-22,4.580000,4.870000,4.580000,4.680000,4.460391,628000
2009-05-26,4.570000,5.000000,4.530000,4.750000,4.527107,793000
2009-05-27,4.710000,4.980000,4.640000,4.640000,4.422268,478700
2009-05-28,4.680000,4.810000,4.460000,4.520000,4.307899,392000
2009-05-29,4.600000,4.680000,4.470000,4.610000,4.393676,586100
2009-06-01,4.700000,5.040000,4.640000,4.910000,4.679599,839900
2009-06-02,4.890000,4.890000,4.700000,4.790000,4.565230,826200
2009-06-03,4.710000,4.730000,4.390000,4.430000,4.222123,586400
2009-06-04,4.490000,4.670000,4.450000,4.590000,4.374614,605100
2009-06-05,4.670000,4.680000,4.450000,4.500000,4.288838,427100
2009-06-08,4.490000,4.500000,4.150000,4.250000,4.050570,484500
2009-06-09,4.300000,4.460000,4.210000,4.390000,4.184000,299300
2009-06-10,4.420000,4.450000,4.190000,4.310000,4.107753,367600
2009-06-11,4.330000,4.470000,4.280000,4.280000,4.079162,192000
2009-06-12,4.230000,4.270000,4.050000,4.150000,3.955262,318000
2009-06-15,4.090000,4.090000,3.660000,3.790000,3.612154,877900
2009-06-16,3.810000,3.980000,3.750000,3.810000,3.631216,378500
2009-06-17,3.810000,3.840000,3.650000,3.770000,3.593093,181100
2009-06-18,3.750000,3.770000,3.650000,3.670000,3.497786,211800
2009-06-19,3.760000,3.940000,3.630000,3.650000,3.478724,788400
2009-06-22,3.610000,3.750000,3.400000,3.410000,3.249986,514000
2009-06-23,3.410000,3.520000,3.350000,3.430000,3.269048,261100
2009-06-24,3.490000,3.700000,3.460000,3.490000,3.326232,356500
2009-06-25,3.470000,3.630000,3.470000,3.630000,3.459663,280100
2009-06-26,3.580000,3.980000,3.540000,3.980000,3.793239,1037300
2009-06-29,3.930000,3.940000,3.660000,3.750000,3.574032,291000
2009-06-30,3.770000,3.890000,3.400000,3.400000,3.240455,658300
2009-07-01,3.530000,3.830000,3.480000,3.820000,3.640747,564200
2009-07-02,3.820000,3.820000,3.560000,3.580000,3.412009,358400
2009-07-06,3.510000,3.620000,3.470000,3.510000,3.345294,394300
2009-07-07,3.520000,3.640000,3.310000,3.310000,3.154678,330400
2009-07-08,3.350000,3.430000,3.100000,3.110000,2.964064,553100
2009-07-09,3.190000,3.280000,3.050000,3.070000,2.925941,889600
2009-07-10,3.050000,3.160000,3.000000,3.110000,2.964064,497900
2009-07-13,3.120000,3.190000,3.060000,3.150000,3.002187,780700
2009-07-14,3.150000,3.200000,3.080000,3.150000,3.002187,788900
2009-07-15,3.290000,3.620000,3.230000,3.390000,3.230925,1413300
2009-07-16,3.350000,4.110000,3.350000,3.980000,3.793239,3168400
2009-07-17,3.930000,4.270000,3.900000,4.250000,4.050570,920000
2009-07-20,4.260000,4.380000,3.960000,4.220000,4.021977,701900
2009-07-21,4.250000,4.340000,4.070000,4.320000,4.117285,504900
2009-07-22,4.280000,4.540000,4.100000,4.460000,4.250715,569100
2009-07-23,4.440000,4.790000,4.370000,4.780000,4.555699,905700
2009-07-24,4.710000,4.910000,4.580000,4.910000,4.679599,738500
2009-07-27,4.910000,4.990000,4.720000,4.950000,4.717721,525600
2009-07-28,4.910000,5.000000,4.860000,4.990000,4.755844,527900
2009-07-29,5.100000,5.820000,5.070000,5.770000,5.499243,3413700
2009-07-30,5.890000,5.960000,5.740000,5.850000,5.575490,1954600
2009-07-31,5.770000,6.000000,5.540000,5.870000,5.594551,1324700
2009-08-03,5.940000,6.140000,5.900000,5.940000,5.661266,1338500
2009-08-04,5.900000,5.950000,5.680000,5.830000,5.556427,743800
2009-08-05,5.890000,5.890000,5.590000,5.680000,5.413466,626900
2009-08-06,5.500000,5.700000,5.120000,5.300000,5.051299,3905200
2009-08-07,5.400000,5.680000,5.350000,5.390000,5.137074,873800
2009-08-10,5.320000,5.370000,5.100000,5.140000,4.898806,831700
2009-08-11,5.100000,5.150000,4.940000,5.010000,4.774906,804400
2009-08-12,5.000000,5.620000,5.000000,5.510000,5.251444,1736700
2009-08-13,5.570000,5.600000,5.320000,5.550000,5.289567,852600
2009-08-14,5.450000,5.520000,5.240000,5.380000,5.127545,968400
2009-08-17,5.170000,5.220000,4.980000,5.010000,4.774906,806200
2009-08-18,5.040000,5.220000,4.970000,5.200000,4.955989,982600
2009-08-19,5.090000,5.250000,5.010000,5.140000,4.898806,1042300
2009-08-20,5.120000,5.240000,5.080000,5.190000,4.946459,664800
2009-08-21,5.290000,5.400000,5.200000,5.320000,5.070360,730800
2009-08-24,5.330000,5.480000,5.310000,5.340000,5.089421,487700
2009-08-25,5.370000,5.470000,5.270000,5.400000,5.146606,514700
2009-08-26,5.380000,5.550000,5.260000,5.380000,5.127545,508900
2009-08-27,5.320000,5.400000,5.120000,5.280000,5.032237,397300
2009-08-28,5.370000,5.600000,5.370000,5.500000,5.241913,966300
2009-08-31,5.440000,5.490000,5.230000,5.260000,5.013175,909700
2009-09-01,5.240000,5.500000,4.870000,4.910000,4.679599,962200
2009-09-02,4.900000,5.160000,4.900000,5.060000,4.822560,753500
2009-09-03,5.090000,5.240000,5.060000,5.210000,4.965522,317900
2009-09-04,5.180000,5.410000,5.180000,5.400000,5.146606,530700
2009-09-08,5.530000,5.580000,5.340000,5.500000,5.241913,434800
2009-09-09,5.450000,5.650000,5.350000,5.540000,5.280035,373300
2009-09-10,5.530000,6.190000,5.460000,6.160000,5.870942,1395400
2009-09-11,6.170000,6.250000,5.900000,6.240000,5.947188,1366200
2009-09-14,6.120000,6.210000,5.950000,6.200000,5.909065,632200
2009-09-15,6.170000,6.370000,6.110000,6.290000,5.994843,466300
2009-09-16,6.630000,6.660000,6.330000,6.510000,6.204519,1190900
2009-09-17,6.500000,6.570000,6.360000,6.410000,6.109211,603000
2009-09-18,6.450000,6.530000,6.320000,6.440000,6.137804,723600
2009-09-21,6.330000,6.440000,6.280000,6.330000,6.032965,371100
2009-09-22,6.400000,6.480000,6.340000,6.410000,6.109211,525700
2009-09-23,6.440000,6.680000,6.370000,6.430000,6.128273,557000
2009-09-24,6.470000,6.470000,6.000000,6.060000,5.775635,630400
2009-09-25,6.030000,6.120000,5.870000,5.950000,5.670797,500600
2009-09-28,5.990000,6.240000,5.950000,6.200000,5.909065,528500
2009-09-29,6.190000,6.360000,6.020000,6.040000,5.756574,454200
2009-09-30,6.050000,6.160000,5.880000,6.030000,5.747043,601300
2009-10-01,5.960000,6.020000,5.610000,5.610000,5.346751,586700
2009-10-02,5.530000,5.720000,5.460000,5.460000,5.203790,718200
2009-10-05,5.520000,5.950000,5.520000,5.940000,5.661266,605900
2009-10-06,5.990000,6.300000,5.990000,6.190000,5.899536,1110400
2009-10-07,6.120000,6.260000,6.040000,6.150000,5.861411,585700
2009-10-08,6.200000,6.230000,5.980000,6.040000,5.756574,548700
2009-10-09,6.010000,6.120000,5.960000,6.120000,5.832819,452700
2009-10-12,6.130000,6.300000,6.030000,6.090000,5.804227,503400
2009-10-13,6.100000,6.140000,5.890000,5.950000,5.670797,543800
2009-10-14,6.090000,6.160000,6.020000,6.070000,5.785165,477500
2009-10-15,6.000000,6.030000,5.850000,5.950000,5.670797,657100
2009-10-16,5.880000,5.900000,5.580000,5.580000,5.318159,786200
2009-10-19,5.580000,5.700000,5.550000,5.580000,5.318159,567500
2009-10-20,5.610000,5.680000,5.390000,5.400000,5.146606,609000
2009-10-21,5.360000,5.630000,5.260000,5.270000,5.022706,753400
2009-10-22,5.230000,5.460000,5.200000,5.320000,5.070360,511400
2009-10-23,5.380000,5.430000,5.030000,5.060000,4.822560,565600
2009-10-26,5.080000,5.260000,4.950000,4.960000,4.727253,463800
2009-10-27,4.970000,5.090000,4.810000,4.830000,4.603352,490000
2009-10-28,4.790000,4.850000,4.560000,4.600000,4.384145,800400
2009-10-29,4.670000,5.010000,4.620000,4.930000,4.698660,731900
2009-10-30,4.880000,4.900000,4.650000,4.650000,4.431799,677200
2009-11-02,4.640000,4.780000,4.340000,4.420000,4.212592,818000
2009-11-03,4.330000,4.370000,4.030000,4.260000,4.060101,1186900
2009-11-04,4.310000,4.560000,4.240000,4.250000,4.050570,758100
2009-11-05,4.300000,4.730000,4.300000,4.730000,4.508046,741100
2009-11-06,4.640000,4.980000,4.580000,4.680000,4.460391,491200
2009-11-09,4.750000,5.120000,4.750000,5.060000,4.822560,456200
2009-11-10,5.000000,5.150000,4.840000,4.920000,4.689130,421400
2009-11-11,5.040000,5.230000,4.890000,5.080000,4.841621,347000
2009-11-12,5.080000,5.230000,4.900000,4.910000,4.679599,395200
2009-11-13,4.950000,5.060000,4.840000,4.920000,4.689130,335900
2009-11-16,5.000000,5.300000,5.000000,5.300000,5.051299,639700
2009-11-17,5.270000,5.320000,5.180000,5.270000,5.022706,302700
2009-11-18,5.280000,5.330000,5.200000,5.300000,5.051299,609200
2009-11-19,5.280000,5.280000,4.500000,4.640000,4.422268,2019800
2009-11-20,4.600000,4.730000,4.280000,4.380000,4.174469,1840500
2009-11-23,4.520000,4.740000,4.450000,4.700000,4.479453,1024900
2009-11-24,4.680000,4.770000,4.610000,4.730000,4.508046,560100
2009-11-25,4.740000,4.830000,4.730000,4.770000,4.546168,408900
2009-11-27,4.640000,4.700000,4.540000,4.580000,4.365084,542600
2009-11-30,4.550000,4.590000,4.350000,4.540000,4.326962,705200
2009-12-01,4.590000,4.870000,4.550000,4.790000,4.565230,1095200
2009-12-02,4.800000,4.990000,4.770000,4.860000,4.631945,528100
2009-12-03,4.890000,4.970000,4.810000,4.820000,4.593822,620400
2009-12-04,4.970000,5.100000,4.790000,5.000000,4.765375,907600
2009-12-07,4.970000,5.200000,4.900000,5.200000,4.955989,678400
2009-12-08,5.110000,5.220000,4.960000,5.160000,4.917868,812900
2009-12-09,5.100000,5.260000,5.070000,5.160000,4.917868,453900
2009-12-10,5.210000,5.220000,5.060000,5.120000,4.879744,499600
2009-12-11,5.150000,5.200000,5.070000,5.100000,4.860683,538900
2009-12-14,5.150000,5.320000,5.110000,5.240000,4.994113,509000
2009-12-15,5.230000,5.410000,5.210000,5.300000,5.051299,786000
2009-12-16,5.390000,5.560000,5.390000,5.500000,5.241913,1011300
2009-12-17,5.430000,5.610000,5.340000,5.390000,5.137074,668800
2009-12-18,5.470000,5.500000,5.310000,5.390000,5.137074,1592900
2009-12-21,5.430000,5.550000,5.330000,5.460000,5.203790,495100
2009-12-22,5.480000,5.770000,5.460000,5.740000,5.470652,879500
2009-12-23,5.750000,5.750000,5.450000,5.670000,5.403936,754800
2009-12-24,5.690000,5.700000,5.450000,5.640000,5.375343,321700
2009-12-28,5.630000,5.630000,5.300000,5.450000,5.194260,514400
2009-12-29,5.460000,5.490000,5.370000,5.390000,5.137074,279300
2009-12-30,5.360000,5.440000,5.320000,5.420000,5.165667,402900
2009-12-31,5.430000,5.500000,5.380000,5.390000,5.137074,354500
2010-01-04,5.500000,5.530000,5.320000,5.490000,5.232382,581600
2010-01-05,5.570000,5.610000,5.430000,5.480000,5.222851,1184400
2010-01-06,5.500000,6.100000,5.470000,6.080000,5.794697,2046600
2010-01-07,6.040000,6.070000,5.770000,5.960000,5.680328,1119600
2010-01-08,5.940000,5.970000,5.730000,5.950000,5.670797,518000
2010-01-11,6.000000,6.000000,5.810000,5.870000,5.594551,478400
2010-01-12,5.800000,5.850000,5.470000,5.540000,5.280035,763500
2010-01-13,5.550000,5.800000,5.480000,5.730000,5.461120,656300
2010-01-14,5.690000,5.690000,5.530000,5.650000,5.384874,364400
2010-01-15,5.670000,5.670000,5.300000,5.400000,5.146606,694800
2010-01-19,5.400000,5.430000,5.130000,5.340000,5.089421,892600
2010-01-20,5.270000,5.390000,5.200000,5.290000,5.041767,634300
2010-01-21,5.350000,5.510000,5.200000,5.270000,5.022706,834900
2010-01-22,5.280000,5.360000,4.980000,5.000000,4.765375,660500
2010-01-25,5.070000,5.190000,4.920000,4.990000,4.755844,499900
2010-01-26,4.980000,5.040000,4.800000,4.810000,4.584291,491600
2010-01-27,4.780000,5.140000,4.780000,5.130000,4.889275,687400
2010-01-28,5.130000,5.130000,4.740000,4.740000,4.517576,1512800
2010-01-29,4.780000,5.000000,4.550000,4.610000,4.393676,997400
2010-02-01,4.650000,5.000000,4.650000,4.910000,4.679599,1120600
2010-02-02,4.930000,5.320000,4.930000,5.210000,4.965522,1494000
2010-02-03,5.190000,5.290000,5.080000,5.210000,4.965522,1020900
2010-02-04,5.740000,5.850000,5.320000,5.710000,5.442059,4247100
2010-02-05,5.670000,6.360000,5.560000,6.310000,6.013904,3777100
2010-02-08,6.170000,6.490000,6.010000,6.450000,6.147334,2670800
2010-02-09,6.420000,6.770000,6.250000,6.680000,6.366541,3805800
2010-02-10,6.580000,6.690000,6.450000,6.690000,6.376072,1801200
2010-02-11,6.620000,6.830000,6.410000,6.750000,6.433257,2013000
2010-02-12,6.660000,7.020000,6.490000,7.010000,6.681057,1969300
2010-02-16,7.020000,7.590000,6.840000,7.460000,7.109940,2782500
2010-02-17,7.380000,7.440000,7.030000,7.260000,6.919325,1485500
2010-02-18,7.210000,7.220000,6.900000,7.180000,6.843079,1239600
2010-02-19,7.120000,7.310000,6.830000,7.160000,6.824018,1119100
2010-02-22,7.160000,7.210000,7.000000,7.160000,6.824018,1120300
2010-02-23,7.100000,7.140000,6.720000,6.730000,6.414196,1306200
2010-02-24,6.750000,6.980000,6.550000,6.730000,6.414196,1013600
2010-02-25,6.610000,6.790000,6.410000,6.730000,6.414196,1131600
2010-02-26,6.720000,6.720000,6.510000,6.580000,6.271234,1115500
2010-03-01,6.650000,7.020000,6.640000,7.010000,6.681057,1415600
2010-03-02,7.060000,7.150000,6.950000,7.140000,6.804956,1931500
2010-03-03,7.200000,7.240000,6.770000,6.960000,6.633403,1312900
2010-03-04,6.960000,6.960000,6.590000,6.620000,6.309357,1553700
2010-03-05,6.640000,6.890000,6.550000,6.870000,6.547626,1382200
2010-03-08,6.880000,7.200000,6.880000,7.080000,6.747772,1372200
2010-03-09,7.140000,7.570000,7.020000,7.440000,7.090879,2350300
2010-03-10,7.560000,7.670000,7.250000,7.520000,7.167125,1545200
2010-03-11,7.420000,7.510000,7.190000,7.420000,7.071817,1019800
2010-03-12,7.430000,7.480000,7.100000,7.320000,6.976510,1253600
2010-03-15,7.160000,7.240000,6.880000,6.970000,6.642933,1568600
2010-03-16,6.990000,7.210000,6.780000,7.180000,6.843079,1205300
2010-03-17,7.170000,7.280000,6.990000,7.160000,6.824018,1017700
2010-03-18,7.120000,7.130000,6.900000,6.960000,6.633403,1148300
2010-03-19,7.010000,7.010000,6.520000,6.610000,6.299826,2053800
2010-03-22,6.550000,6.850000,6.380000,6.830000,6.509502,945300
2010-03-23,6.810000,7.060000,6.680000,7.010000,6.681057,1418600
2010-03-24,6.940000,7.160000,6.800000,7.020000,6.690587,1350000
2010-03-25,7.080000,7.470000,7.000000,7.270000,6.928856,2178300
2010-03-26,7.330000,7.400000,7.090000,7.250000,6.909795,1382600
2010-03-29,7.290000,7.330000,7.080000,7.120000,6.785894,804900
2010-03-30,7.110000,7.300000,7.070000,7.270000,6.928856,676500
2010-03-31,7.200000,7.430000,7.150000,7.250000,6.909795,823000
2010-04-01,7.280000,7.450000,7.200000,7.350000,7.005102,1231900
2010-04-05,7.390000,7.390000,7.200000,7.360000,7.014633,1330900
2010-04-06,7.390000,7.390000,7.050000,7.150000,6.814487,1227600
2010-04-07,7.310000,7.680000,7.190000,7.580000,7.224309,2390700
2010-04-08,7.550000,7.640000,7.340000,7.500000,7.148064,1069400
2010-04-09,7.520000,7.880000,7.380000,7.830000,7.462577,1998600
2010-04-12,7.880000,8.230000,7.830000,8.120000,7.738969,3108300
2010-04-13,8.090000,8.120000,7.860000,7.860000,7.491171,1729300
2010-04-14,9.140000,9.580000,9.100000,9.370000,8.930313,12396300
2010-04-15,9.410000,9.480000,8.650000,8.760000,8.348938,5072300
2010-04-16,8.770000,8.780000,8.410000,8.630000,8.225040,4103100
2010-04-19,8.770000,8.770000,7.960000,8.180000,7.796155,4436800
2010-04-20,8.340000,8.900000,8.210000,8.900000,8.482368,4055600
2010-04-21,8.910000,8.970000,8.350000,8.440000,8.043954,2906100
2010-04-22,8.270000,8.860000,8.170000,8.820000,8.406123,2445900
2010-04-23,8.800000,8.910000,8.500000,8.630000,8.225040,1694400
2010-04-26,8.630000,8.810000,8.560000,8.690000,8.282222,1298100
2010-04-27,8.730000,8.970000,8.400000,8.410000,8.015361,2050400
2010-04-28,8.510000,8.660000,8.270000,8.650000,8.244099,2031200
2010-04-29,8.690000,8.880000,8.430000,8.820000,8.406123,1965000
2010-04-30,8.790000,8.800000,8.180000,8.180000,7.796155,2054200
2010-05-03,8.250000,8.730000,8.250000,8.640000,8.234571,1451600
2010-05-04,8.410000,8.450000,8.120000,8.220000,7.834278,2045800
2010-05-05,8.120000,8.430000,7.910000,7.990000,7.615070,2013400
2010-05-06,8.110000,8.340000,6.620000,7.550000,7.195718,4311300
2010-05-07,7.610000,7.810000,6.840000,7.100000,6.766833,3733200
2010-05-10,7.630000,7.700000,7.360000,7.510000,7.157594,1899900
2010-05-11,7.430000,7.700000,7.210000,7.380000,7.033694,2158300
2010-05-12,7.400000,7.830000,7.270000,7.800000,7.433986,2402400
2010-05-13,7.720000,7.970000,7.540000,7.650000,7.291024,1677200
2010-05-14,7.500000,7.500000,7.140000,7.300000,6.957448,1504200
2010-05-17,7.340000,7.500000,6.960000,7.390000,7.043225,1619400
2010-05-18,7.500000,7.550000,6.830000,6.850000,6.528564,2633400
2010-05-19,6.850000,7.190000,6.760000,7.020000,6.690587,2858700
2010-05-20,6.860000,6.860000,6.390000,6.560000,6.252172,2491500
2010-05-21,6.410000,6.970000,6.360000,6.730000,6.414196,1931200
2010-05-24,6.630000,7.020000,6.560000,6.800000,6.480911,1620100
2010-05-25,6.510000,6.640000,6.300000,6.610000,6.299826,1937900
2010-05-26,6.660000,6.970000,6.490000,6.570000,6.261704,1884400
2010-05-27,6.810000,7.350000,6.800000,7.350000,7.005102,2572000
2010-05-28,7.320000,7.320000,6.960000,6.960000,6.633403,1671100
2010-06-01,6.890000,7.070000,6.710000,6.730000,6.414196,1550700
2010-06-02,6.830000,7.120000,6.730000,7.050000,6.719179,1482500
2010-06-03,7.050000,7.210000,7.000000,7.150000,6.814487,1208800
2010-06-04,6.850000,6.970000,6.630000,6.640000,6.328419,1751700
2010-06-07,6.720000,6.820000,6.330000,6.340000,6.042496,1944500
2010-06-08,6.370000,6.470000,6.130000,6.280000,5.985312,1851200
2010-06-09,6.400000,6.890000,6.400000,6.590000,6.280765,2242700
2010-06-10,6.780000,7.190000,6.680000,7.180000,6.843079,2518400
2010-06-11,7.000000,7.600000,6.910000,7.590000,7.233840,2473600
2010-06-14,7.690000,7.800000,7.510000,7.580000,7.224309,1749500
2010-06-15,7.540000,8.190000,7.500000,8.140000,7.758031,2139700
2010-06-16,8.100000,8.250000,7.940000,8.140000,7.758031,1229800
2010-06-17,8.230000,8.230000,7.930000,8.100000,7.719908,1180200
2010-06-18,8.170000,8.310000,8.060000,8.180000,7.796155,1522500
2010-06-21,8.400000,8.400000,7.850000,7.940000,7.567416,1199700
2010-06-22,7.980000,8.150000,7.630000,7.660000,7.300555,1152900
2010-06-23,7.650000,7.780000,7.410000,7.580000,7.224309,1492000
2010-06-24,7.480000,7.650000,7.300000,7.470000,7.119471,1074100
2010-06-25,7.500000,7.530000,7.090000,7.500000,7.148064,1901800
2010-06-28,7.520000,7.900000,7.450000,7.740000,7.376801,1739400
2010-06-29,7.480000,7.570000,7.140000,7.210000,6.871672,2180900
2010-06-30,7.230000,7.420000,6.970000,7.020000,6.690587,1871500
2010-07-01,7.020000,7.250000,6.740000,7.210000,6.871672,2825100
2010-07-02,7.280000,7.280000,6.900000,7.010000,6.681057,1043400
2010-07-06,7.270000,7.500000,7.210000,7.320000,6.976510,2358300
2010-07-07,7.350000,7.620000,7.170000,7.580000,7.224309,1504200
2010-07-08,7.720000,7.760000,7.450000,7.590000,7.233840,1664000
2010-07-09,7.590000,8.340000,7.590000,8.320000,7.929585,3430200
2010-07-12,8.510000,8.530000,8.070000,8.390000,7.996301,1674200
2010-07-13,8.540000,8.700000,8.400000,8.660000,8.253631,2025800
2010-07-14,8.870000,8.870000,7.750000,7.990000,7.615070,8256800
2010-07-15,7.980000,7.980000,6.880000,6.950000,6.623872,9371600
2010-07-16,6.920000,7.080000,6.830000,6.890000,6.566687,2927400
2010-07-19,6.950000,6.980000,6.550000,6.810000,6.490442,3072800
2010-07-20,6.650000,6.960000,6.550000,6.930000,6.604810,2359400
2010-07-21,7.010000,7.010000,6.590000,6.590000,6.280765,4103600
2010-07-22,6.770000,7.000000,6.720000,7.000000,6.671525,1821800
2010-07-23,7.000000,7.180000,6.830000,7.170000,6.833548,1867500
2010-07-26,7.160000,7.310000,7.010000,7.310000,6.966980,1392200
2010-07-27,7.370000,7.440000,7.160000,7.270000,6.928856,1260200
2010-07-28,7.230000,7.290000,6.760000,6.790000,6.471380,2269000
2010-07-29,6.840000,7.020000,6.720000,6.950000,6.623872,2286500
2010-07-30,6.800000,6.880000,6.550000,6.720000,6.404665,2918200
2010-08-02,6.890000,7.000000,6.820000,6.860000,6.538096,1429800
2010-08-03,6.850000,6.940000,6.750000,6.900000,6.576218,988500
2010-08-04,6.930000,7.280000,6.930000,7.200000,6.862142,2687400
2010-08-05,8.060000,8.070000,7.490000,7.620000,7.262433,7137700
2010-08-06,7.320000,7.320000,6.650000,6.790000,6.471380,7405500
2010-08-09,6.860000,6.900000,6.660000,6.680000,6.366541,2606500
2010-08-10,6.600000,6.610000,6.230000,6.280000,5.985312,2771600
2010-08-11,6.070000,6.150000,5.760000,5.880000,5.604081,3826100
2010-08-12,5.820000,5.830000,5.650000,5.670000,5.403936,3231500
2010-08-13,5.740000,5.850000,5.690000,5.690000,5.422997,1636900
2010-08-16,5.670000,5.770000,5.580000,5.640000,5.375343,1670500
2010-08-17,5.770000,6.090000,5.720000,5.950000,5.670797,1836000
2010-08-18,5.990000,6.330000,5.950000,6.270000,5.975781,2367300
2010-08-19,6.210000,6.290000,6.020000,6.070000,5.785165,1743600
2010-08-20,6.060000,6.190000,6.050000,6.130000,5.842350,1258300
2010-08-23,6.210000,6.270000,6.040000,6.050000,5.766104,1113700
2010-08-24,5.910000,6.090000,5.800000,6.020000,5.737512,2037900
2010-08-25,5.940000,6.140000,5.850000,6.120000,5.832819,1408500
2010-08-26,6.160000,6.170000,5.620000,5.650000,5.384874,2757800
2010-08-27,5.780000,6.070000,5.650000,6.030000,5.747043,2221300
2010-08-30,6.020000,6.060000,5.800000,5.800000,5.527836,1119400
2010-08-31,5.760000,5.870000,5.650000,5.750000,5.480182,1264400
2010-09-01,5.870000,5.920000,5.640000,5.860000,5.585021,1655400
2010-09-02,5.900000,5.930000,5.760000,5.900000,5.623144,2120000
2010-09-03,6.010000,6.260000,5.980000,6.180000,5.890003,1893300
2010-09-07,6.130000,6.130000,5.700000,5.720000,5.451590,2579900
2010-09-08,5.770000,5.900000,5.700000,5.720000,5.451590,1815500
2010-09-09,5.800000,5.860000,5.550000,5.600000,5.337220,2476300
2010-09-10,5.640000,5.650000,5.300000,5.440000,5.184729,2581200
2010-09-13,5.560000,5.790000,5.560000,5.660000,5.394405,1928700
2010-09-14,5.400000,5.720000,5.360000,5.520000,5.260974,2968100
2010-09-15,5.460000,5.500000,5.270000,5.480000,5.222851,3440500
2010-09-16,5.440000,5.520000,5.410000,5.500000,5.241913,929100
2010-09-17,5.600000,5.680000,5.500000,5.570000,5.308628,1435400
2010-09-20,5.610000,5.950000,5.560000,5.920000,5.642204,2215900
2010-09-21,5.930000,6.080000,5.830000,6.000000,5.718450,1947800
2010-09-22,5.970000,6.010000,5.720000,5.770000,5.499243,1771200
2010-09-23,5.710000,5.920000,5.630000,5.700000,5.432528,1016400
2010-09-24,5.800000,5.980000,5.770000,5.980000,5.699389,1408900
2010-09-27,6.000000,6.050000,5.880000,5.960000,5.680328,1076100
2010-09-28,6.010000,6.170000,5.820000,6.160000,5.870942,1598300
2010-09-29,6.110000,6.390000,6.100000,6.290000,5.994843,1622900
2010-09-30,6.340000,6.400000,5.980000,6.190000,5.899536,2061800
2010-10-01,6.250000,6.330000,6.210000,6.270000,5.975781,1222200
2010-10-04,6.220000,6.250000,6.010000,6.040000,5.756574,1648300
2010-10-05,6.150000,6.350000,6.000000,6.290000,5.994843,1674900
2010-10-06,6.280000,6.390000,6.190000,6.330000,6.032965,1390000
2010-10-07,6.390000,6.560000,6.340000,6.490000,6.185457,1778000
2010-10-08,5.580000,5.980000,5.510000,5.850000,5.575490,11408100
2010-10-11,5.870000,5.870000,5.700000,5.710000,5.442059,1680200
2010-10-12,5.610000,5.890000,5.580000,5.860000,5.585021,2818300
2010-10-13,5.900000,6.000000,5.820000,5.820000,5.546898,2888300
2010-10-14,5.830000,5.910000,5.770000,5.880000,5.604081,2193300
2010-10-15,5.970000,6.200000,5.830000,6.170000,5.880474,2728900
2010-10-18,6.200000,6.280000,6.050000,6.210000,5.918597,1465100
2010-10-19,6.090000,6.280000,6.000000,6.110000,5.823289,1475100
2010-10-20,6.120000,6.190000,5.940000,5.950000,5.670797,1687800
2010-10-21,5.970000,6.040000,5.750000,5.800000,5.527836,1881900
2010-10-22,5.820000,6.020000,5.790000,6.010000,5.727982,907800
2010-10-25,6.070000,6.170000,6.020000,6.090000,5.804227,942300
2010-10-26,6.050000,6.190000,6.010000,6.120000,5.832819,736800
2010-10-27,6.090000,6.330000,6.090000,6.330000,6.032965,1820800
2010-10-28,6.350000,6.350000,6.120000,6.220000,5.928127,1003400
2010-10-29,6.200000,6.340000,6.180000,6.220000,5.928127,829500
2010-11-01,6.240000,6.300000,5.980000,6.000000,5.718450,1313300
2010-11-02,6.050000,6.170000,5.980000,6.120000,5.832819,1324300
2010-11-03,6.170000,6.220000,6.010000,6.220000,5.928127,1209700
2010-11-04,6.300000,6.610000,6.270000,6.610000,6.299826,2646900
2010-11-05,6.560000,6.780000,6.470000,6.610000,6.299826,1835800
2010-11-08,6.610000,6.690000,6.570000,6.620000,6.309357,1250800
2010-11-09,6.640000,6.700000,6.400000,6.430000,6.128273,1564900
2010-11-10,6.390000,6.460000,6.170000,6.370000,6.071088,2050200
2010-11-11,5.950000,6.310000,5.900000,6.270000,5.975781,3813300
2010-11-12,6.150000,6.250000,5.850000,5.950000,5.670797,3541600
2010-11-15,6.010000,6.060000,5.860000,5.880000,5.604081,1297500
2010-11-16,5.820000,5.880000,5.650000,5.750000,5.480182,1478400
2010-11-17,5.790000,5.800000,5.630000,5.640000,5.375343,1085600
2010-11-18,5.730000,6.000000,5.720000,5.940000,5.661266,2123800
2010-11-19,5.940000,6.220000,5.900000,6.190000,5.899536,1990300
2010-11-22,6.190000,6.340000,6.090000,6.320000,6.023435,1668000
2010-11-23,6.230000,6.380000,6.120000,6.320000,6.023435,1620700
2010-11-24,6.380000,6.680000,6.380000,6.660000,6.347480,1684400
2010-11-26,6.580000,6.730000,6.520000,6.680000,6.366541,510100
2010-11-29,6.740000,6.870000,6.630000,6.750000,6.433257,1603600
2010-11-30,6.580000,6.700000,6.470000,6.650000,6.337949,1807200
2010-12-01,6.790000,7.040000,6.710000,7.000000,6.671525,2097000
2010-12-02,7.000000,7.160000,6.820000,7.140000,6.804956,1240200
2010-12-03,7.050000,7.150000,7.000000,7.120000,6.785894,937600
2010-12-06,7.100000,7.540000,7.060000,7.410000,7.062286,3490100
2010-12-07,7.500000,7.640000,7.380000,7.410000,7.062286,1492800
2010-12-08,7.410000,7.600000,7.360000,7.530000,7.176655,1517600
2010-12-09,7.600000,7.740000,7.510000,7.680000,7.319616,1726200
2010-12-10,7.730000,7.820000,7.610000,7.750000,7.386332,1168100
2010-12-13,7.820000,7.820000,7.510000,7.510000,7.157594,1149400
2010-12-14,7.550000,7.640000,7.430000,7.460000,7.109940,1534300
2010-12-15,7.420000,7.420000,7.180000,7.180000,6.843079,1448500
2010-12-16,7.200000,7.350000,7.140000,7.240000,6.900263,1468800
2010-12-17,7.290000,7.460000,7.170000,7.460000,7.109940,2751100
2010-12-20,7.450000,7.590000,7.380000,7.470000,7.119471,1232500
2010-12-21,7.500000,7.600000,7.450000,7.520000,7.167125,633300
2010-12-22,7.550000,7.560000,7.430000,7.470000,7.119471,751900
2010-12-23,7.470000,7.500000,7.410000,7.440000,7.090879,324800
2010-12-27,7.420000,7.650000,7.370000,7.620000,7.262433,635700
2010-12-28,7.620000,7.680000,7.480000,7.490000,7.138532,1128500
2010-12-29,7.500000,7.510000,7.310000,7.340000,6.995572,769300
2010-12-30,7.310000,7.380000,7.220000,7.220000,6.881202,849000
2010-12-31,7.210000,7.350000,7.180000,7.200000,6.862142,1172600
2011-01-03,7.280000,7.540000,7.180000,7.200000,6.862142,2081800
2011-01-04,7.280000,7.390000,7.160000,7.310000,6.966980,1663600
2011-01-05,7.300000,7.320000,7.200000,7.280000,6.938387,1598900
2011-01-06,7.270000,7.640000,7.250000,7.640000,7.281494,2019100
2011-01-07,8.020000,8.750000,7.990000,8.660000,8.253631,7440900
2011-01-10,8.750000,9.240000,8.600000,9.180000,8.749228,5443500
2011-01-11,9.130000,9.350000,9.000000,9.030000,8.606268,3730700
2011-01-12,9.150000,9.530000,9.090000,9.450000,9.006560,2805600
2011-01-13,9.490000,9.500000,9.310000,9.410000,8.968437,1569600
2011-01-14,9.380000,9.910000,9.380000,9.790000,9.330604,2816000
2011-01-18,9.800000,9.830000,9.510000,9.620000,9.168583,1945000
2011-01-19,9.660000,9.660000,9.110000,9.180000,8.749228,2509000
2011-01-20,9.060000,9.170000,8.770000,9.120000,8.692045,2175900
2011-01-21,9.200000,9.300000,8.940000,8.950000,8.530021,1432200
2011-01-24,9.020000,9.340000,8.960000,9.250000,8.815944,1403000
2011-01-25,9.140000,9.230000,8.810000,8.890000,8.472838,1372700
2011-01-26,9.030000,9.530000,9.030000,9.470000,9.025622,2046600
2011-01-27,9.540000,10.000000,9.480000,9.980000,9.511688,2533300
2011-01-28,9.990000,10.000000,9.400000,9.410000,8.968437,2652100
2011-01-31,9.500000,9.850000,9.450000,9.750000,9.292482,2535700
2011-02-01,10.000000,10.580000,9.850000,10.290000,9.807142,5866700
2011-02-02,10.230000,10.430000,10.080000,10.280000,9.797611,2394000
2011-02-03,10.290000,10.310000,9.990000,10.060000,9.587935,1970200
2011-02-04,10.040000,10.140000,9.620000,9.660000,9.206704,3462100
2011-02-07,9.700000,10.200000,9.680000,9.970000,9.502160,1753600
2011-02-08,9.980000,10.070000,9.780000,10.000000,9.530750,974000
2011-02-09,9.960000,10.000000,9.680000,9.750000,9.292482,1114000
2011-02-10,9.590000,9.910000,9.560000,9.860000,9.397320,1097100
2011-02-11,9.810000,9.970000,9.790000,9.850000,9.387791,726100
2011-02-14,9.790000,9.970000,9.610000,9.930000,9.464036,851800
2011-02-15,9.840000,9.890000,9.690000,9.780000,9.321075,1219900
2011-02-16,9.820000,10.000000,9.800000,9.870000,9.406851,833600
2011-02-17,9.890000,10.350000,9.870000,10.240000,9.759487,1598300
2011-02-18,10.320000,10.350000,10.020000,10.040000,9.568875,1294500
2011-02-22,9.930000,10.190000,9.530000,9.530000,9.082806,2160700
2011-02-23,9.530000,9.580000,9.010000,9.180000,8.749228,2155100
2011-02-24,9.180000,9.400000,9.060000,9.310000,8.873130,1236200
2011-02-25,9.390000,9.730000,9.350000,9.730000,9.273421,995500
2011-02-28,9.820000,9.840000,9.430000,9.590000,9.139990,877700
2011-03-01,9.620000,9.780000,9.170000,9.190000,8.758759,1158400
2011-03-02,9.200000,9.670000,9.170000,9.540000,9.092337,979700
2011-03-03,9.660000,9.970000,9.660000,9.840000,9.378260,984000
2011-03-04,9.920000,9.920000,9.570000,9.710000,9.254360,978400
2011-03-07,9.750000,9.750000,9.120000,9.250000,8.815944,1084700
2011-03-08,9.210000,9.550000,9.090000,9.390000,8.949374,771900
2011-03-09,9.370000,9.370000,9.060000,9.070000,8.644390,947500
2011-03-10,8.920000,8.930000,8.560000,8.670000,8.263162,1374500
2011-03-11,8.610000,8.820000,8.500000,8.710000,8.301285,835700
2011-03-14,8.600000,8.740000,8.480000,8.590000,8.186915,922300
2011-03-15,8.260000,8.540000,8.050000,8.460000,8.063015,1125800
2011-03-16,8.420000,8.690000,8.200000,8.270000,7.881930,1120900
2011-03-17,8.500000,8.610000,8.380000,8.390000,7.996301,779200
2011-03-18,8.540000,8.630000,8.410000,8.600000,8.196445,1032500
2011-03-21,8.750000,8.880000,8.690000,8.840000,8.425183,584500
2011-03-22,8.800000,8.880000,8.690000,8.820000,8.406123,940400
2011-03-23,8.780000,8.970000,8.650000,8.900000,8.482368,954300
2011-03-24,8.990000,9.350000,8.960000,9.170000,8.739698,1174700
2011-03-25,9.210000,9.700000,9.210000,9.540000,9.092337,1511800
2011-03-28,9.540000,9.600000,9.310000,9.410000,8.968437,985800
2011-03-29,9.440000,9.530000,9.270000,9.360000,8.920782,1113300
2011-03-30,9.440000,9.480000,9.220000,9.300000,8.863598,1463900
2011-03-31,9.280000,9.400000,9.220000,9.350000,8.911252,1196300
2011-04-01,9.460000,9.480000,9.080000,9.170000,8.739698,900200
2011-04-04,9.280000,9.300000,8.870000,8.950000,8.530021,806000
2011-04-05,8.970000,9.230000,8.910000,9.100000,8.672984,1291800
2011-04-06,9.120000,9.250000,9.080000,9.180000,8.749228,717800
2011-04-07,9.150000,9.150000,8.950000,8.990000,8.568146,695300
2011-04-08,9.040000,9.060000,8.770000,8.820000,8.406123,625700
2011-04-11,9.320000,10.420000,8.600000,8.640000,8.234571,1069000
2011-04-12,8.540000,8.580000,8.180000,8.250000,7.862870,1976400
2011-04-13,8.310000,8.350000,8.120000,8.260000,7.872400,1007800
2011-04-14,8.130000,8.410000,8.050000,8.410000,8.015361,944300
2011-04-15,8.390000,8.400000,8.220000,8.380000,7.986769,670600
2011-04-18,8.160000,8.210000,7.930000,8.060000,7.681785,1339600
2011-04-19,8.060000,8.130000,7.920000,8.120000,7.738969,730700
2011-04-20,8.390000,8.620000,8.360000,8.590000,8.186915,765800
2011-04-21,8.680000,8.770000,8.510000,8.760000,8.348938,850100
2011-04-25,8.760000,8.760000,8.510000,8.610000,8.205976,678500
2011-04-26,8.680000,9.060000,8.640000,9.000000,8.577676,1393900
2011-04-27,9.010000,9.120000,8.910000,9.090000,8.663453,639300
2011-04-28,9.070000,9.070000,8.640000,8.760000,8.348938,1300000
2011-04-29,8.720000,9.070000,8.710000,9.060000,8.634860,1354400
2011-05-02,9.100000,9.180000,8.990000,9.030000,8.606268,1712600
2011-05-03,10.330000,10.530000,9.950000,10.200000,9.721366,9900000
2011-05-04,10.200000,10.780000,10.200000,10.650000,10.150249,5697900
2011-05-05,10.490000,11.620000,10.400000,11.450000,10.912710,5200000
2011-05-06,11.540000,12.040000,11.250000,11.980000,11.417839,4315000
2011-05-09,12.050000,12.530000,11.840000,12.460000,11.875317,4234100
2011-05-10,12.570000,12.700000,12.290000,12.470000,11.884846,2356500
2011-05-11,12.370000,12.380000,11.900000,12.000000,11.436900,3100000
2011-05-12,12.000000,12.720000,11.880000,12.370000,11.789537,2800000
2011-05-13,12.380000,12.560000,12.090000,12.180000,11.608455,1769900
2011-05-16,12.150000,12.480000,11.960000,11.980000,11.417839,1803200
2011-05-17,11.890000,11.980000,11.610000,11.720000,11.170041,1729900
2011-05-18,11.760000,12.250000,11.720000,12.160000,11.589394,1775000
2011-05-19,12.150000,12.180000,11.860000,11.870000,11.313001,2324300
2011-05-20,11.930000,12.100000,11.750000,11.870000,11.313001,1601900
2011-05-23,11.580000,11.800000,11.460000,11.510000,10.969895,1900000
2011-05-24,11.690000,11.780000,11.470000,11.480000,10.941303,1512500
2011-05-25,11.440000,11.780000,11.420000,11.590000,11.046141,1657200
2011-05-26,11.540000,11.710000,11.290000,11.610000,11.065201,1267400
2011-05-27,11.650000,11.890000,11.530000,11.590000,11.046141,955200
2011-05-31,11.770000,12.180000,11.660000,12.150000,11.579862,2100200
2011-06-01,12.050000,12.100000,11.600000,11.660000,11.112855,3113600
2011-06-02,11.640000,11.840000,11.560000,11.580000,11.036611,1150700
2011-06-03,11.330000,11.530000,11.060000,11.190000,10.664909,1742000
2011-06-06,11.650000,11.650000,11.090000,11.110000,10.588664,1395500
2011-06-07,11.200000,11.370000,11.140000,11.150000,10.626785,918200
2011-06-08,11.080000,11.140000,10.670000,10.710000,10.207435,1334000
2011-06-09,10.820000,11.120000,10.700000,10.750000,10.245559,1162500
2011-06-10,10.620000,10.670000,10.070000,10.480000,9.988226,2761700
2011-06-13,10.580000,10.710000,10.270000,10.310000,9.826205,1315500
2011-06-14,10.450000,11.140000,10.450000,11.010000,10.493357,1778300
2011-06-15,10.870000,11.070000,10.450000,10.530000,10.035882,2077400
2011-06-16,10.520000,10.650000,10.090000,10.260000,9.778550,1304100
2011-06-17,10.390000,10.550000,10.070000,10.200000,9.721366,1322900
2011-06-20,10.080000,10.390000,10.080000,10.300000,9.816673,1390000
2011-06-21,10.390000,10.970000,10.310000,10.910000,10.398049,1625300
2011-06-22,10.870000,10.970000,10.720000,10.770000,10.264619,1421900
2011-06-23,10.520000,10.900000,10.330000,10.860000,10.350395,1437000
2011-06-24,10.900000,11.240000,10.800000,11.010000,10.493357,4335800
2011-06-27,10.960000,11.000000,10.720000,10.810000,10.302742,1365300
2011-06-28,10.800000,10.930000,10.560000,10.640000,10.140720,1459500
2011-06-29,10.710000,10.880000,10.620000,10.710000,10.207435,1500800
2011-06-30,10.800000,11.220000,10.800000,11.140000,10.617256,1385200
2011-07-01,11.190000,11.530000,11.000000,11.410000,10.874586,1274900
2011-07-05,11.540000,11.670000,11.250000,11.380000,10.845995,1511100
2011-07-06,11.420000,11.480000,11.080000,11.300000,10.769748,1229300
2011-07-07,11.430000,11.900000,11.420000,11.750000,11.198633,1578500
2011-07-08,11.500000,11.640000,11.230000,11.340000,10.807873,1564400
2011-07-11,11.160000,11.220000,10.650000,10.690000,10.188373,1882000
2011-07-12,10.570000,10.590000,9.610000,9.700000,9.244828,3412200
2011-07-13,9.850000,10.000000,9.720000,9.860000,9.397320,2196800
2011-07-14,9.880000,10.030000,9.560000,9.640000,9.187644,1830600
2011-07-15,9.700000,9.750000,9.500000,9.600000,9.149521,1402100
2011-07-18,9.420000,9.510000,9.230000,9.300000,8.863598,1968100
2011-07-19,9.400000,10.110000,9.400000,10.020000,9.549812,1882200
2011-07-20,10.100000,10.100000,9.400000,9.490000,9.044682,2029800
2011-07-21,9.540000,9.900000,9.490000,9.700000,9.244828,1676600
2011-07-22,10.190000,10.440000,10.080000,10.300000,9.816673,2639200
2011-07-25,10.130000,10.170000,9.880000,9.900000,9.435443,1392800
2011-07-26,9.900000,10.010000,9.700000,9.850000,9.387791,1418400
2011-07-27,9.630000,9.740000,9.370000,9.440000,8.997027,2386100
2011-07-28,9.430000,9.830000,9.350000,9.550000,9.101867,1536600
2011-07-29,9.360000,9.410000,9.110000,9.200000,8.768291,3400300
2011-08-01,9.470000,9.740000,9.100000,9.270000,8.835008,3282200
2011-08-02,8.700000,9.170000,8.320000,8.630000,8.225040,5289700
2011-08-03,8.580000,9.060000,8.530000,9.010000,8.587207,2949100
2011-08-04,8.820000,9.170000,8.690000,8.790000,8.377531,4024100
2011-08-05,8.960000,9.110000,8.240000,8.600000,8.196445,3523900
2011-08-08,8.180000,8.580000,7.870000,7.890000,7.519762,3789000
2011-08-09,8.220000,8.380000,7.540000,8.380000,7.986769,3186800
2011-08-10,8.090000,8.550000,7.900000,7.950000,7.576946,2495000
2011-08-11,8.070000,8.930000,7.950000,8.770000,8.358469,3161300
2011-08-12,8.980000,8.980000,8.570000,8.640000,8.234571,1350400
2011-08-15,8.720000,8.970000,8.550000,8.910000,8.491898,886000
2011-08-16,8.720000,8.890000,8.540000,8.650000,8.244099,979200
2011-08-17,8.700000,8.860000,8.440000,8.530000,8.129731,1176900
2011-08-18,8.160000,8.280000,7.970000,8.080000,7.700847,1743300
2011-08-19,7.950000,8.350000,7.780000,7.860000,7.491171,1469500
2011-08-22,8.080000,8.210000,7.870000,8.110000,7.729438,1443100
2011-08-23,8.210000,8.730000,8.160000,8.690000,8.282222,1311100
2011-08-24,8.660000,8.800000,8.370000,8.590000,8.186915,1049600
2011-08-25,8.710000,8.710000,8.280000,8.280000,7.891462,1109200
2011-08-26,8.220000,8.700000,8.130000,8.650000,8.244099,1012700
2011-08-29,8.830000,9.190000,8.750000,9.160000,8.730167,1005900
2011-08-30,9.060000,9.220000,8.870000,9.010000,8.587207,1335700
2011-08-31,9.030000,9.160000,8.610000,8.700000,8.291752,1706600
2011-09-01,8.690000,8.790000,8.310000,8.330000,7.939115,1138000
2011-09-02,8.140000,8.310000,7.930000,7.980000,7.605539,1416100
2011-09-06,7.700000,8.010000,7.630000,7.940000,7.567416,1531900
2011-09-07,8.220000,8.710000,8.090000,8.690000,8.282222,1868600
2011-09-08,8.620000,8.800000,8.360000,8.440000,8.043954,1074200
2011-09-09,8.240000,8.560000,8.090000,8.200000,7.815216,1215300
2011-09-12,8.070000,8.590000,8.070000,8.580000,8.177383,1133600
2011-09-13,8.580000,8.860000,8.460000,8.810000,8.396590,1476700
2011-09-14,8.920000,9.290000,8.840000,9.130000,8.701577,1662100
2011-09-15,9.290000,9.290000,8.850000,9.140000,8.711107,1004400
2011-09-16,9.200000,9.260000,8.900000,8.970000,8.549085,954100
2011-09-19,8.810000,8.930000,8.450000,8.810000,8.396590,824500
2011-09-20,8.860000,8.920000,8.460000,8.520000,8.120202,801800
2011-09-21,8.560000,8.740000,8.270000,8.280000,7.891462,995700
2011-09-22,8.060000,8.270000,7.860000,8.040000,7.662724,1510800
2011-09-23,8.000000,8.330000,7.880000,8.200000,7.815216,1149400
2011-09-26,8.290000,8.290000,7.900000,8.240000,7.853339,910900
2011-09-27,8.390000,8.720000,8.310000,8.410000,8.015361,924700
2011-09-28,8.400000,8.560000,7.770000,7.780000,7.414924,1663500
2011-09-29,7.990000,8.020000,7.420000,7.890000,7.519762,2204100
2011-09-30,7.720000,7.900000,7.450000,7.460000,7.109940,1119700
2011-10-03,7.480000,7.560000,6.850000,6.870000,6.547626,1762800
2011-10-04,6.760000,7.730000,6.710000,7.670000,7.310086,1938200
2011-10-05,7.710000,8.100000,7.500000,7.930000,7.557885,2156600
2011-10-06,7.910000,8.330000,7.810000,8.320000,7.929585,1380600
2011-10-07,8.400000,8.610000,8.100000,8.170000,7.786623,1638700
2011-10-10,8.420000,8.730000,8.380000,8.710000,8.301285,1029300
2011-10-11,8.600000,8.670000,8.370000,8.560000,8.158324,1099000
2011-10-12,8.680000,9.130000,8.680000,8.990000,8.568146,1390700
2011-10-13,8.890000,8.970000,8.670000,8.950000,8.530021,981600
2011-10-14,9.080000,9.160000,8.820000,9.090000,8.663453,777300
2011-10-17,8.930000,8.970000,8.560000,8.670000,8.263162,1015500
2011-10-18,8.690000,9.040000,8.480000,9.020000,8.596737,1024500
2011-10-19,9.010000,9.170000,8.730000,8.880000,8.463306,1051200
2011-10-20,8.750000,9.040000,8.600000,9.000000,8.577676,971300
2011-10-21,9.160000,9.300000,8.920000,9.070000,8.644390,713600
2011-10-24,9.100000,9.800000,9.100000,9.760000,9.302012,1428300
2011-10-25,9.800000,10.210000,9.720000,9.780000,9.321075,2221200
2011-10-26,9.940000,10.110000,9.520000,9.780000,9.321075,1073000
2011-10-27,10.180000,10.600000,10.010000,10.540000,10.045411,1860900
2011-10-28,10.480000,10.540000,9.890000,10.040000,9.568875,1587100
2011-10-31,9.840000,9.950000,9.640000,9.650000,9.197174,1169300
2011-11-01,9.230000,9.550000,9.020000,9.290000,8.854067,1430500
2011-11-02,9.510000,9.670000,9.270000,9.560000,9.111399,1032100
2011-11-03,9.730000,9.880000,9.300000,9.800000,9.340137,1128200
2011-11-04,9.400000,9.920000,9.400000,9.800000,9.340137,602300
2011-11-07,9.800000,9.800000,9.430000,9.640000,9.187644,882800
2011-11-08,9.760000,9.890000,9.430000,9.710000,9.254360,1136200
2011-11-09,9.350000,9.570000,9.100000,9.140000,8.711107,1672900
2011-11-10,8.890000,9.890000,8.650000,9.590000,9.139990,3062700
2011-11-11,9.710000,10.700000,9.700000,10.520000,10.026351,2867500
2011-11-14,10.490000,11.100000,10.310000,10.750000,10.245559,3089800
2011-11-15,10.680000,10.950000,10.450000,10.680000,10.178843,2339100
2011-11-16,10.520000,10.690000,10.320000,10.360000,9.873857,1782400
2011-11-17,10.310000,10.310000,9.700000,9.920000,9.454506,1815100
2011-11-18,9.920000,10.020000,9.690000,9.800000,9.340137,1316300
2011-11-21,9.520000,9.790000,9.230000,9.500000,9.054214,1499100
2011-11-22,9.450000,9.580000,9.090000,9.110000,8.682512,1093900
2011-11-23,9.000000,9.140000,8.680000,8.680000,8.272693,1028000
2011-11-25,8.630000,8.740000,8.270000,8.290000,7.900994,902300
2011-11-28,8.670000,8.830000,8.090000,8.360000,7.967707,3278300
2011-11-29,8.380000,8.610000,8.240000,8.520000,8.120202,2526900
2011-11-30,8.980000,9.140000,8.780000,9.100000,8.672984,1573000
2011-12-01,9.060000,9.170000,8.770000,9.060000,8.634860,977400
2011-12-02,9.200000,9.490000,9.120000,9.260000,8.825476,864800
2011-12-05,9.490000,9.730000,9.260000,9.520000,9.073277,1594300
2011-12-06,9.540000,9.600000,9.320000,9.420000,8.977967,1057600
2011-12-07,9.330000,9.490000,9.120000,9.430000,8.987499,986900
2011-12-08,9.320000,9.490000,9.000000,9.030000,8.606268,934500
2011-12-09,9.080000,9.520000,8.900000,9.430000,8.987499,819700
2011-12-12,9.200000,9.260000,8.940000,9.090000,8.663453,815400
2011-12-13,9.180000,9.300000,8.580000,8.740000,8.329876,1511800
2011-12-14,8.640000,8.740000,8.520000,8.560000,8.158324,863800
2011-12-15,8.750000,9.000000,8.670000,8.760000,8.348938,1190600
2011-12-16,8.860000,9.080000,8.570000,8.610000,8.205976,1658400
2011-12-19,8.690000,8.980000,8.610000,8.620000,8.215507,907900
2011-12-20,8.890000,9.270000,8.810000,9.250000,8.815944,1905800
2011-12-21,9.250000,9.250000,8.900000,9.200000,8.768291,1850600
2011-12-22,9.210000,9.450000,9.210000,9.260000,8.825476,617300
2011-12-23,9.270000,9.440000,9.110000,9.380000,8.939844,528900
2011-12-27,9.330000,9.580000,9.300000,9.480000,9.035152,447200
2011-12-28,9.450000,9.720000,9.190000,9.210000,8.777821,557300
2011-12-29,9.250000,9.420000,9.190000,9.340000,8.901721,399200
2011-12-30,9.310000,9.420000,9.250000,9.250000,8.815944,450800
2012-01-03,9.520000,9.740000,9.410000,9.500000,9.054214,789800
2012-01-04,9.410000,9.640000,9.320000,9.590000,9.139990,734100
2012-01-05,9.530000,9.790000,9.470000,9.770000,9.311544,624500
2012-01-06,9.780000,10.350000,9.550000,10.320000,9.835735,1799100
2012-01-09,10.250000,10.480000,9.970000,10.370000,9.883388,1239600
2012-01-10,10.480000,10.500000,10.210000,10.300000,9.816673,708100
2012-01-11,10.220000,10.780000,10.030000,10.660000,10.159781,1127400
2012-01-12,10.650000,10.840000,10.500000,10.690000,10.188373,1091200
2012-01-13,10.460000,10.680000,10.390000,10.480000,9.988226,893200
2012-01-17,10.470000,10.650000,10.370000,10.480000,9.988226,738800
2012-01-18,10.490000,11.010000,10.430000,10.970000,10.455234,1392700
2012-01-19,11.000000,11.240000,10.920000,11.130000,10.607726,745900
2012-01-20,11.080000,11.170000,10.920000,11.150000,10.626785,902500
2012-01-23,11.100000,11.470000,11.000000,11.170000,10.645849,587900
2012-01-24,11.060000,11.330000,10.960000,11.240000,10.712564,630500
2012-01-25,11.270000,11.270000,11.060000,11.170000,10.645849,518200
2012-01-26,11.270000,11.330000,10.990000,11.070000,10.550540,892900
2012-01-27,11.050000,11.320000,11.050000,11.160000,10.636318,484000
2012-01-30,11.040000,11.250000,10.970000,11.210000,10.683973,847100
2012-01-31,10.790000,11.170000,10.610000,10.810000,10.302742,1710900
2012-02-01,10.960000,11.380000,10.940000,11.310000,10.779278,1621700
2012-02-02,11.280000,11.500000,11.180000,11.390000,10.855525,736700
2012-02-03,11.520000,11.740000,11.490000,11.630000,11.084263,919600
2012-02-06,11.600000,11.630000,11.350000,11.530000,10.988956,856300
2012-02-07,11.500000,11.720000,11.420000,11.550000,11.008018,825800
2012-02-08,11.570000,11.730000,11.440000,11.540000,10.998487,593700
2012-02-09,11.550000,11.610000,11.310000,11.370000,10.836464,617800
2012-02-10,11.180000,11.460000,11.100000,11.230000,10.703033,626900
2012-02-13,11.340000,11.400000,11.120000,11.370000,10.836464,493100
2012-02-14,11.240000,11.420000,11.130000,11.240000,10.712564,673200
2012-02-15,11.300000,11.530000,11.160000,11.190000,10.664909,556400
2012-02-16,11.180000,11.470000,11.130000,11.350000,10.817402,533900
2012-02-17,11.460000,11.550000,11.270000,11.460000,10.922240,615200
2012-02-21,11.470000,11.660000,11.300000,11.410000,10.874586,830000
2012-02-22,11.400000,11.690000,11.240000,11.240000,10.712564,1171300
2012-02-23,11.240000,11.240000,10.870000,11.150000,10.626785,1284600
2012-02-24,11.190000,11.360000,10.990000,11.240000,10.712564,728400
2012-02-27,11.170000,11.940000,11.050000,11.710000,11.160510,1424700
2012-02-28,11.700000,11.780000,11.450000,11.600000,11.055673,1136600
2012-02-29,11.610000,11.650000,11.240000,11.260000,10.731626,825000
2012-03-01,11.280000,11.670000,11.220000,11.440000,10.903180,1144800
2012-03-02,11.460000,11.580000,11.050000,11.070000,10.550540,736000
2012-03-05,11.030000,11.100000,10.860000,10.910000,10.398049,771400
2012-03-06,10.740000,11.000000,10.600000,10.800000,10.293212,677600
2012-03-07,10.850000,11.290000,10.800000,11.260000,10.731626,912100
2012-03-08,11.400000,11.570000,11.230000,11.550000,11.008018,929200
2012-03-09,11.570000,11.810000,11.370000,11.750000,11.198633,735800
2012-03-12,11.750000,11.870000,11.520000,11.630000,11.084263,485000
2012-03-13,11.740000,11.880000,11.640000,11.870000,11.313001,780900
2012-03-14,11.810000,11.940000,11.570000,11.640000,11.093796,456100
2012-03-15,11.720000,11.990000,11.600000,11.900000,11.341594,713400
2012-03-16,11.940000,12.000000,11.770000,11.910000,11.351124,810100
2012-03-19,11.820000,12.100000,11.800000,12.010000,11.446432,931200
2012-03-20,11.910000,12.260000,11.850000,12.080000,11.513148,604800
2012-03-21,12.140000,12.250000,12.010000,12.170000,11.598924,580100
2012-03-22,12.010000,12.240000,11.960000,12.190000,11.617985,748000
2012-03-23,12.160000,12.390000,12.110000,12.370000,11.789537,529900
2012-03-26,12.490000,12.780000,12.390000,12.750000,12.151708,958100
2012-03-27,12.740000,12.760000,12.380000,12.400000,11.818130,832100
2012-03-28,12.460000,12.480000,12.100000,12.260000,11.684699,801700
2012-03-29,12.120000,12.430000,11.910000,12.410000,11.827662,564200
2012-03-30,12.530000,12.540000,12.200000,12.430000,11.846725,523200
2012-04-02,12.340000,12.660000,12.180000,12.650000,12.056400,907500
2012-04-03,12.630000,12.630000,12.370000,12.430000,11.846725,521900
2012-04-04,12.230000,12.510000,12.120000,12.260000,11.684699,636700
2012-04-05,12.140000,12.450000,12.140000,12.420000,11.837193,610500
2012-04-09,12.180000,12.330000,12.030000,12.260000,11.684699,517600
2012-04-10,12.220000,12.340000,12.040000,12.100000,11.532207,1145100
2012-04-11,12.260000,12.290000,12.100000,12.230000,11.656109,891600
2012-04-12,12.260000,12.610000,12.170000,12.470000,11.884846,598400
2012-04-13,12.460000,12.460000,12.220000,12.280000,11.703762,544200
2012-04-16,12.340000,12.510000,12.130000,12.420000,11.837193,541900
2012-04-17,12.520000,12.760000,12.320000,12.660000,12.065930,593700
2012-04-18,12.540000,12.710000,12.430000,12.640000,12.046869,603800
2012-04-19,12.620000,12.850000,12.370000,12.540000,11.951563,576300
2012-04-20,12.690000,12.690000,12.200000,12.270000,11.694232,507000
2012-04-23,12.020000,12.260000,11.810000,12.220000,11.646578,893400
2012-04-24,12.210000,12.450000,12.150000,12.240000,11.665639,594700
2012-04-25,12.440000,12.750000,12.280000,12.730000,12.132646,856800
2012-04-26,12.760000,13.060000,12.700000,12.860000,12.256547,1284000
2012-04-27,12.980000,13.390000,12.830000,13.240000,12.618713,1024000
2012-04-30,13.220000,13.290000,13.070000,13.100000,12.485284,871000
2012-05-01,13.320000,13.690000,12.560000,12.990000,12.380445,2892800
2012-05-02,12.930000,12.950000,12.660000,12.860000,12.256547,1437500
2012-05-03,12.880000,12.920000,12.300000,12.390000,11.808602,1085100
2012-05-04,12.280000,12.400000,12.080000,12.120000,11.551270,780100
2012-05-07,12.040000,12.180000,11.870000,11.970000,11.408310,1064200
2012-05-08,11.840000,11.940000,11.550000,11.820000,11.265348,992100
2012-05-09,11.620000,11.870000,11.530000,11.700000,11.150979,897700
2012-05-10,11.860000,11.920000,11.660000,11.830000,11.274879,621000
2012-05-11,11.700000,12.020000,11.670000,11.810000,11.255818,494700
2012-05-14,11.620000,11.980000,11.530000,11.790000,11.236755,682600
2012-05-15,11.810000,11.950000,11.580000,11.640000,11.093796,786900
2012-05-16,11.660000,11.800000,11.460000,11.480000,10.941303,607700
2012-05-17,11.470000,11.490000,10.990000,11.000000,10.483826,541600
2012-05-18,11.000000,11.130000,10.770000,10.830000,10.321803,613500
2012-05-21,10.850000,11.180000,10.670000,11.100000,10.579135,564500
2012-05-22,11.080000,11.170000,10.910000,11.020000,10.502889,388000
2012-05-23,10.850000,11.080000,10.820000,11.080000,10.560071,422000
2012-05-24,11.080000,11.120000,10.610000,10.770000,10.264619,422400
2012-05-25,10.750000,10.910000,10.650000,10.820000,10.312271,313300
2012-05-29,10.960000,11.080000,10.780000,10.890000,10.378988,331200
2012-05-30,10.750000,10.910000,10.600000,10.630000,10.131188,430100
2012-05-31,10.690000,10.820000,10.390000,10.520000,10.026351,643500
2012-06-01,10.260000,10.320000,9.910000,9.940000,9.473566,922400
2012-06-04,10.020000,10.200000,9.810000,9.940000,9.473566,474000
2012-06-05,9.870000,10.200000,9.850000,10.180000,9.702305,440000
2012-06-06,10.260000,10.660000,10.230000,10.660000,10.159781,543900
2012-06-07,10.820000,10.820000,9.980000,10.000000,9.530750,816400
2012-06-08,9.960000,10.140000,9.790000,9.970000,9.502160,796400
2012-06-11,10.140000,10.140000,8.970000,9.100000,8.672984,2205100
2012-06-12,9.200000,9.860000,9.160000,9.790000,9.330604,1339700
2012-06-13,9.740000,9.980000,9.250000,9.280000,8.844536,1094600
2012-06-14,9.320000,9.500000,9.070000,9.310000,8.873130,871800
2012-06-15,9.280000,9.400000,9.160000,9.240000,8.806415,1037000
2012-06-18,9.120000,9.360000,9.050000,9.100000,8.672984,1169800
2012-06-19,9.180000,9.720000,9.180000,9.600000,9.149521,2010500
2012-06-20,9.620000,9.690000,9.360000,9.460000,9.016091,1087600
2012-06-21,9.490000,9.600000,9.120000,9.160000,8.730167,1368400
2012-06-22,9.230000,9.370000,9.120000,9.200000,8.768291,11960000
2012-06-25,9.060000,9.180000,8.620000,8.650000,8.244099,1689200
2012-06-26,8.640000,8.780000,8.300000,8.700000,8.291752,1999000
2012-06-27,8.700000,8.760000,8.570000,8.730000,8.320345,1160600
2012-06-28,8.640000,8.700000,8.390000,8.550000,8.148792,990000
2012-06-29,8.810000,9.130000,8.800000,8.920000,8.501431,1277000
2012-07-02,8.920000,8.920000,8.690000,8.900000,8.482368,1098900
2012-07-03,8.960000,9.090000,8.810000,9.070000,8.644390,476200
2012-07-05,9.050000,9.070000,8.800000,8.930000,8.510962,782900
2012-07-06,8.850000,8.890000,8.580000,8.780000,8.368001,883400
2012-07-09,8.770000,8.820000,8.560000,8.580000,8.177383,739200
2012-07-10,8.650000,8.800000,8.460000,8.490000,8.091608,622600
2012-07-11,8.510000,8.520000,8.250000,8.350000,7.958178,680600
2012-07-12,8.250000,8.360000,8.050000,8.290000,7.900994,878400
2012-07-13,8.350000,8.620000,8.320000,8.490000,8.091608,620000
2012-07-16,8.440000,8.490000,8.240000,8.360000,7.967707,752400
2012-07-17,8.420000,8.540000,8.210000,8.370000,7.977238,761500
2012-07-18,8.420000,8.730000,8.300000,8.570000,8.167853,654900
2012-07-19,8.670000,8.890000,8.570000,8.760000,8.348938,982200
2012-07-20,8.670000,8.770000,8.490000,8.580000,8.177383,520300
2012-07-23,8.380000,8.570000,8.270000,8.570000,8.167853,571800
2012-07-24,8.550000,8.610000,8.360000,8.570000,8.167853,1510400
2012-07-25,8.570000,8.920000,8.570000,8.790000,8.377531,1027900
2012-07-26,8.980000,9.170000,8.930000,9.060000,8.634860,764200
2012-07-27,9.100000,9.710000,9.100000,9.610000,9.159052,1686700
2012-07-30,9.600000,9.830000,9.500000,9.830000,9.368730,1646000
2012-07-31,11.200000,11.940000,10.430000,11.070000,10.550540,5640600
2012-08-01,10.930000,11.120000,10.730000,10.870000,10.359927,1520200
2012-08-02,10.650000,10.920000,10.550000,10.590000,10.093065,1313300
2012-08-03,10.850000,10.940000,10.580000,10.690000,10.188373,1054400
2012-08-06,10.730000,11.260000,10.680000,11.170000,10.645849,1412400
2012-08-07,11.180000,11.300000,11.000000,11.080000,10.560071,1200600
2012-08-08,11.040000,11.370000,11.040000,11.250000,10.722095,902800
2012-08-09,11.320000,11.670000,11.200000,11.580000,11.036611,1397500
2012-08-10,11.530000,11.700000,11.330000,11.500000,10.960364,902000
2012-08-13,11.460000,11.660000,11.270000,11.590000,11.046141,539200
2012-08-14,11.600000,11.730000,11.240000,11.480000,10.941303,747100
2012-08-15,11.440000,11.970000,11.420000,11.830000,11.274879,989600
2012-08-16,11.780000,11.970000,11.550000,11.960000,11.398777,940200
2012-08-17,11.960000,12.050000,11.900000,11.960000,11.398777,680100
2012-08-20,11.500000,11.800000,11.050000,11.480000,10.941303,1482500
2012-08-21,11.620000,11.910000,11.480000,11.540000,10.998487,1050200
2012-08-22,11.570000,11.640000,11.310000,11.360000,10.826932,868700
2012-08-23,11.340000,11.380000,11.140000,11.220000,10.693502,933800
2012-08-24,11.240000,11.460000,11.220000,11.430000,10.893649,615100
2012-08-27,11.450000,11.580000,11.250000,11.380000,10.845995,489700
2012-08-28,11.350000,11.430000,11.200000,11.380000,10.845995,371100
2012-08-29,11.380000,11.480000,11.220000,11.430000,10.893649,377300
2012-08-30,11.340000,11.430000,11.170000,11.210000,10.683973,404500
2012-08-31,11.340000,11.390000,11.220000,11.330000,10.798341,356000
2012-09-04,11.280000,11.450000,11.020000,11.360000,10.826932,483500
2012-09-05,11.360000,11.530000,11.180000,11.280000,10.750686,516500
2012-09-06,11.360000,11.860000,11.270000,11.680000,11.131918,860000
2012-09-07,11.580000,11.670000,11.310000,11.400000,10.865056,709400
2012-09-10,11.350000,11.550000,11.300000,11.470000,10.931772,716600
2012-09-11,11.470000,11.610000,11.260000,11.530000,10.988956,546200
2012-09-12,11.480000,11.700000,11.330000,11.570000,11.027079,526900
2012-09-13,11.620000,11.780000,11.370000,11.720000,11.170041,607400
2012-09-14,11.790000,12.070000,11.670000,12.000000,11.436900,729100
2012-09-17,12.030000,12.030000,11.490000,11.500000,10.960364,486100
2012-09-18,11.500000,11.500000,11.170000,11.200000,10.674440,691700
2012-09-19,11.090000,11.150000,10.740000,10.800000,10.293212,1075600
2012-09-20,10.710000,10.800000,10.450000,10.480000,9.988226,1042700
2012-09-21,10.590000,10.700000,10.500000,10.540000,10.045411,567500
2012-09-24,10.540000,10.650000,10.230000,10.310000,9.826205,785700
2012-09-25,10.420000,10.450000,10.140000,10.200000,9.721366,1970600
2012-09-26,10.220000,10.280000,9.990000,10.090000,9.616528,924500
2012-09-27,10.150000,10.480000,10.040000,10.420000,9.931045,997900
2012-09-28,10.330000,10.460000,10.270000,10.410000,9.921513,847500
2012-10-01,10.430000,10.620000,10.360000,10.410000,9.921513,717100
2012-10-02,10.520000,10.630000,10.370000,10.490000,9.997758,783000
2012-10-03,10.490000,10.510000,10.330000,10.410000,9.921513,707100
2012-10-04,10.450000,10.490000,10.170000,10.300000,9.816673,366200
2012-10-05,10.420000,10.490000,10.250000,10.390000,9.902451,374900
2012-10-08,10.250000,10.320000,10.120000,10.270000,9.788083,377100
2012-10-09,10.240000,10.390000,9.940000,10.000000,9.530750,665400
2012-10-10,9.970000,10.020000,9.490000,9.540000,9.092337,796600
2012-10-11,9.660000,9.750000,9.600000,9.660000,9.206704,571600
2012-10-12,9.740000,9.780000,9.600000,9.650000,9.197174,828600
2012-10-15,9.710000,9.840000,9.560000,9.600000,9.149521,606200
2012-10-16,9.690000,9.760000,9.640000,9.680000,9.225768,893500
2012-10-17,9.650000,9.850000,9.620000,9.760000,9.302012,765300
2012-10-18,9.780000,10.010000,9.730000,9.820000,9.359199,1118100
2012-10-19,9.820000,9.870000,9.410000,9.450000,9.006560,800100
2012-10-22,9.460000,9.680000,9.430000,9.650000,9.197174,756200
2012-10-23,9.580000,9.810000,9.530000,9.750000,9.292482,724200
2012-10-24,9.830000,9.830000,9.600000,9.670000,9.216237,428600
2012-10-25,9.700000,10.050000,9.660000,9.980000,9.511688,691700
2012-10-26,9.990000,10.200000,9.730000,9.890000,9.425912,824000
2012-10-31,9.800000,10.340000,9.770000,10.260000,9.778550,776200
2012-11-01,10.230000,10.610000,9.990000,10.600000,10.102598,856500
2012-11-02,10.560000,10.590000,10.310000,10.320000,9.835735,457600
2012-11-05,10.300000,10.480000,10.160000,10.230000,9.749956,910000
2012-11-06,10.250000,11.100000,10.170000,10.880000,10.369457,1765800
2012-11-07,10.750000,10.800000,10.460000,10.760000,10.255090,1542700
2012-11-08,10.290000,10.570000,10.120000,10.300000,9.816673,2263200
2012-11-09,10.240000,10.660000,10.110000,10.530000,10.035882,1066400
2012-11-12,10.530000,10.550000,10.230000,10.280000,9.797611,814100
2012-11-13,10.200000,10.400000,10.010000,10.130000,9.654650,643800
2012-11-14,10.170000,10.290000,9.950000,9.990000,9.521221,543000
2012-11-15,9.960000,10.060000,9.770000,9.820000,9.359199,603100
2012-11-16,9.870000,10.100000,9.680000,10.070000,9.597466,948300
2012-11-19,10.280000,10.410000,10.090000,10.260000,9.778550,510500
2012-11-20,10.200000,10.400000,10.050000,10.370000,9.883388,586300
2012-11-21,10.370000,10.650000,10.330000,10.600000,10.102598,396200
2012-11-23,10.670000,10.780000,10.500000,10.680000,10.178843,310900
2012-11-26,10.620000,10.730000,10.490000,10.700000,10.197903,899600
2012-11-27,10.660000,10.950000,10.510000,10.940000,10.426642,1219600
2012-11-28,10.850000,11.570000,10.750000,11.460000,10.922240,1407300
2012-11-29,11.510000,11.560000,11.210000,11.310000,10.779278,905500
2012-11-30,11.280000,11.440000,11.280000,11.430000,10.893649,768600
2012-12-03,11.410000,11.510000,11.350000,11.410000,10.874586,1147200
2012-12-04,11.350000,11.490000,11.270000,11.430000,10.893649,489500
2012-12-05,11.450000,11.450000,11.280000,11.410000,10.874586,692300
2012-12-06,11.360000,11.710000,11.360000,11.680000,11.131918,724000
2012-12-07,11.710000,11.760000,11.600000,11.750000,11.198633,442200
2012-12-10,11.600000,11.930000,11.600000,11.790000,11.236755,547200
2012-12-11,11.860000,11.900000,11.560000,11.800000,11.246287,377500
2012-12-12,11.880000,11.920000,11.710000,11.880000,11.322532,506500
2012-12-13,11.840000,11.920000,11.580000,11.600000,11.055673,520500
2012-12-14,11.580000,11.680000,11.370000,11.500000,10.960364,580200
2012-12-17,11.530000,11.610000,11.390000,11.480000,10.941303,489500
2012-12-18,11.500000,11.740000,11.460000,11.640000,11.093796,742100
2012-12-19,11.700000,11.950000,11.640000,11.850000,11.293941,766600
2012-12-20,11.880000,12.040000,11.750000,12.040000,11.475024,751500
2012-12-21,11.700000,11.830000,11.590000,11.820000,11.265348,986700
2012-12-24,11.860000,11.940000,11.730000,11.830000,11.274879,212400
2012-12-26,11.830000,11.930000,11.610000,11.640000,11.093796,427200
2012-12-27,11.690000,11.740000,11.540000,11.640000,11.093796,572600
2012-12-28,11.580000,11.760000,11.580000,11.610000,11.065201,421000
2012-12-31,11.570000,11.990000,11.570000,11.990000,11.427370,571500
2013-01-02,12.200000,12.820000,12.170000,12.680000,12.084992,1299700
2013-01-03,12.620000,12.620000,12.380000,12.440000,11.856255,587700
2013-01-04,12.490000,12.490000,12.300000,12.400000,11.818130,335700
2013-01-07,12.360000,12.410000,12.100000,12.150000,11.579862,500200
2013-01-08,12.190000,12.270000,11.810000,11.890000,11.332063,900200
2013-01-09,11.960000,12.420000,11.810000,12.200000,11.627515,660900
2013-01-10,12.360000,12.450000,12.210000,12.350000,11.770476,596100
2013-01-11,12.350000,12.510000,12.230000,12.340000,11.760947,435100
2013-01-14,12.350000,12.480000,12.170000,12.370000,11.789537,423600
2013-01-15,12.360000,12.360000,12.190000,12.230000,11.656109,351600
2013-01-16,12.260000,12.610000,12.130000,12.450000,11.865784,547300
2013-01-17,12.580000,12.810000,12.400000,12.660000,12.065930,830300
2013-01-18,12.630000,12.690000,12.470000,12.580000,11.989685,1245200
2013-01-22,12.560000,12.650000,12.430000,12.480000,11.894376,665100
2013-01-23,12.550000,12.550000,12.410000,12.480000,11.894376,542300
2013-01-24,12.420000,12.740000,12.340000,12.510000,11.922970,652300
2013-01-25,12.610000,12.800000,12.530000,12.590000,11.999216,974100
2013-01-28,12.750000,12.950000,12.670000,12.850000,12.247015,1279900
2013-01-29,11.800000,12.120000,11.370000,11.780000,11.227224,4145200
2013-01-30,11.530000,11.660000,11.050000,11.310000,10.779278,2904900
2013-01-31,11.250000,11.440000,11.190000,11.320000,10.788810,1292500
2013-02-01,11.340000,11.690000,11.330000,11.650000,11.103326,838400
2013-02-04,11.590000,11.620000,11.330000,11.360000,10.826932,721000
2013-02-05,11.490000,11.660000,11.450000,11.610000,11.065201,758500
2013-02-06,11.480000,11.610000,11.380000,11.440000,10.903180,716300
2013-02-07,11.480000,11.540000,11.290000,11.440000,10.903180,612800
2013-02-08,11.430000,11.600000,11.430000,11.490000,10.950833,453800
2013-02-11,11.520000,11.530000,11.380000,11.440000,10.903180,421600
2013-02-12,11.490000,11.490000,11.360000,11.460000,10.922240,468700
2013-02-13,11.500000,11.500000,11.250000,11.410000,10.874586,736400
2013-02-14,11.350000,11.570000,11.350000,11.530000,10.988956,490900
2013-02-15,11.550000,11.580000,11.420000,11.480000,10.941303,340300
2013-02-19,11.400000,11.490000,11.320000,11.460000,10.922240,488000
2013-02-20,11.470000,11.520000,11.230000,11.230000,10.703033,370700
2013-02-21,11.200000,11.210000,10.800000,10.930000,10.417110,576100
2013-02-22,11.030000,11.200000,10.870000,11.000000,10.483826,610900
2013-02-25,11.130000,11.170000,10.720000,10.730000,10.226496,521700
2013-02-26,10.820000,10.890000,10.590000,10.660000,10.159781,970400
2013-02-27,10.670000,10.910000,10.580000,10.830000,10.321803,450000
2013-02-28,10.800000,11.010000,10.670000,10.820000,10.312271,581700
2013-03-01,10.770000,10.950000,10.630000,10.690000,10.188373,770300
2013-03-04,10.670000,10.830000,10.580000,10.710000,10.207435,566000
2013-03-05,10.840000,10.910000,10.810000,10.830000,10.321803,482300
2013-03-06,10.910000,10.990000,10.850000,10.970000,10.455234,326400
2013-03-07,11.030000,11.140000,10.950000,11.080000,10.560071,631600
2013-03-08,11.190000,11.220000,11.030000,11.140000,10.617256,274800
2013-03-11,11.170000,11.180000,10.940000,11.100000,10.579135,549400
2013-03-12,11.090000,11.400000,11.060000,11.290000,10.760217,549800
2013-03-13,11.290000,11.330000,11.150000,11.330000,10.798341,346800
2013-03-14,11.400000,11.620000,11.290000,11.450000,10.912710,601900
2013-03-15,11.430000,11.470000,10.960000,11.000000,10.483826,870500
2013-03-18,10.900000,11.090000,10.800000,11.040000,10.521949,717000
2013-03-19,11.040000,11.230000,10.820000,10.950000,10.436172,564600
2013-03-20,11.020000,11.170000,10.960000,11.040000,10.521949,727400
2013-03-21,10.980000,11.070000,10.830000,10.830000,10.321803,571300
2013-03-22,10.940000,11.050000,10.900000,10.940000,10.426642,333100
2013-03-25,11.030000,11.150000,10.740000,10.900000,10.388520,514000
2013-03-26,10.990000,11.220000,10.960000,11.190000,10.664909,650600
2013-03-27,11.130000,11.310000,11.040000,11.290000,10.760217,639000
2013-03-28,11.330000,11.610000,11.330000,11.560000,11.017548,726000
2013-04-01,11.630000,11.660000,11.180000,11.290000,10.760217,505000
2013-04-02,11.370000,11.370000,10.610000,10.660000,10.159781,1093800
2013-04-03,10.740000,10.830000,10.380000,10.430000,9.940575,853400
2013-04-04,10.480000,10.830000,10.320000,10.750000,10.245559,940000
2013-04-05,10.580000,10.680000,10.380000,10.490000,9.997758,623000
2013-04-08,10.500000,10.810000,10.440000,10.760000,10.255090,557000
2013-04-09,10.770000,11.000000,10.700000,10.880000,10.369457,448900
2013-04-10,10.960000,11.240000,10.900000,11.220000,10.693502,473300
2013-04-11,11.200000,11.220000,10.970000,10.990000,10.474295,523300
2013-04-12,10.890000,11.080000,10.800000,11.000000,10.483826,580400
2013-04-15,10.930000,10.930000,10.520000,10.590000,10.093065,824900
2013-04-16,10.690000,10.950000,10.630000,10.820000,10.312271,623100
2013-04-17,10.760000,10.800000,10.300000,10.330000,9.845264,860600
2013-04-18,10.430000,10.450000,10.080000,10.140000,9.664180,938700
2013-04-19,10.240000,10.440000,10.170000,10.420000,9.931045,670000
2013-04-22,10.460000,10.590000,10.080000,10.560000,10.064474,526200
2013-04-23,10.690000,10.840000,10.510000,10.780000,10.274149,482900
2013-04-24,10.760000,10.940000,10.700000,10.840000,10.331333,333800
2013-04-25,10.910000,11.220000,10.850000,11.210000,10.683973,743300
2013-04-26,11.160000,11.210000,11.000000,11.040000,10.521949,913800
2013-04-29,11.120000,11.230000,11.000000,11.150000,10.626785,566700
2013-04-30,11.100000,11.970000,11.020000,11.560000,11.017548,1891000
2013-05-01,11.510000,11.510000,11.140000,11.210000,10.683973,742200
2013-05-02,11.270000,11.270000,10.970000,11.080000,10.560071,560800
2013-05-03,11.290000,11.550000,11.160000,11.390000,10.855525,820400
2013-05-06,11.380000,11.540000,11.300000,11.400000,10.865056,417800
2013-05-07,11.410000,11.650000,11.360000,11.540000,10.998487,601700
2013-05-08,11.510000,11.600000,11.420000,11.500000,10.960364,425200
2013-05-09,11.420000,11.640000,11.410000,11.520000,10.979424,533800
2013-05-10,11.520000,11.560000,11.420000,11.550000,11.008018,317100
2013-05-13,11.490000,11.520000,11.180000,11.270000,10.741157,655500
2013-05-14,11.310000,11.400000,11.250000,11.340000,10.807873,709100
2013-05-15,11.240000,11.540000,11.170000,11.340000,10.807873,640600
2013-05-16,11.280000,11.440000,11.270000,11.340000,10.807873,490500
2013-05-17,11.350000,11.630000,11.320000,11.600000,11.055673,487400
2013-05-20,11.620000,11.750000,11.500000,11.550000,11.008018,414100
2013-05-21,11.590000,12.300000,11.560000,11.930000,11.370186,1622600
2013-05-22,12.050000,12.060000,11.520000,11.650000,11.103326,1000300
2013-05-23,11.560000,11.860000,11.530000,11.830000,11.274879,687900
2013-05-24,11.790000,12.160000,11.730000,12.000000,11.436900,663800
2013-05-28,12.230000,12.400000,12.040000,12.140000,11.570331,640200
2013-05-29,12.070000,12.350000,12.020000,12.300000,11.722822,512800
2013-05-30,12.250000,12.490000,12.210000,12.390000,11.808602,423400
2013-05-31,12.290000,12.560000,12.280000,12.400000,11.818130,561400
2013-06-03,12.480000,12.550000,12.080000,12.320000,11.741884,652800
2013-06-04,12.320000,12.320000,11.910000,12.100000,11.532207,943000
2013-06-05,12.050000,12.050000,11.650000,11.930000,11.370186,569300
2013-06-06,11.990000,12.000000,11.640000,11.860000,11.303471,465800
2013-06-07,12.020000,12.020000,11.760000,11.940000,11.379717,416200
2013-06-10,12.050000,12.050000,11.890000,11.980000,11.417839,296600
2013-06-11,11.800000,11.900000,11.640000,11.680000,11.131918,336600
2013-06-12,11.810000,11.840000,11.480000,11.500000,10.960364,491800
2013-06-13,11.450000,11.600000,11.380000,11.570000,11.027079,456300
2013-06-14,11.580000,11.730000,11.390000,11.480000,10.941303,379100
2013-06-17,11.630000,11.660000,11.250000,11.360000,10.826932,410100
2013-06-18,11.420000,11.540000,11.330000,11.500000,10.960364,375800
2013-06-19,11.540000,11.650000,11.420000,11.500000,10.960364,343500
2013-06-20,11.310000,11.460000,11.150000,11.210000,10.683973,387700
2013-06-21,11.250000,11.250000,10.810000,10.880000,10.369457,757800
2013-06-24,10.690000,10.790000,10.440000,10.690000,10.188373,502400
2013-06-25,10.870000,10.930000,10.740000,10.840000,10.331333,383900
2013-06-26,11.010000,11.100000,10.810000,10.810000,10.302742,463200
2013-06-27,10.980000,11.110000,10.870000,11.020000,10.502889,493300
2013-06-28,11.030000,11.080000,10.770000,11.060000,10.541012,622900
2013-07-01,11.100000,11.190000,10.940000,11.040000,10.521949,443200
2013-07-02,11.030000,11.110000,10.920000,10.980000,10.464764,866000
2013-07-03,10.980000,11.100000,10.910000,11.020000,10.502889,169500
2013-07-05,11.120000,11.280000,11.070000,11.230000,10.703033,170600
2013-07-08,11.230000,11.360000,10.920000,11.000000,10.483826,343700
2013-07-09,11.050000,11.240000,10.990000,11.180000,10.655379,299300
2013-07-10,11.170000,11.260000,11.130000,11.240000,10.712564,443600
2013-07-11,11.320000,11.420000,11.190000,11.190000,10.664909,404200
2013-07-12,11.270000,11.350000,11.200000,11.260000,10.731626,556600
2013-07-15,11.320000,11.380000,11.140000,11.270000,10.741157,268500
2013-07-16,11.320000,11.380000,11.170000,11.220000,10.693502,289500
2013-07-17,11.320000,11.320000,11.200000,11.220000,10.693502,161400
2013-07-18,11.210000,11.250000,11.060000,11.210000,10.683973,273200
2013-07-19,11.200000,11.230000,11.130000,11.130000,10.607726,240500
2013-07-22,11.200000,11.820000,11.200000,11.770000,11.217693,1674800
2013-07-23,11.880000,12.000000,11.540000,11.570000,11.027079,600100
2013-07-24,11.670000,11.840000,11.360000,11.440000,10.903180,339500
2013-07-25,11.440000,11.500000,11.100000,11.260000,10.731626,533900
2013-07-26,11.170000,11.230000,10.980000,11.170000,10.645849,534200
2013-07-29,11.190000,11.500000,11.150000,11.400000,10.865056,631100
2013-07-30,11.970000,11.980000,11.650000,11.780000,11.227224,975000
2013-07-31,11.700000,11.910000,11.600000,11.670000,11.122386,672200
2013-08-01,11.850000,12.270000,11.770000,12.200000,11.627515,796000
2013-08-02,12.170000,12.210000,11.820000,11.840000,11.284409,725700
2013-08-05,11.740000,11.810000,11.540000,11.580000,11.036611,1101600
2013-08-06,11.590000,11.800000,11.590000,11.690000,11.141448,545000
2013-08-07,11.700000,11.700000,11.410000,11.440000,10.903180,491800
2013-08-08,11.470000,11.540000,11.370000,11.410000,10.874586,479400
2013-08-09,11.400000,11.400000,11.250000,11.250000,10.722095,550600
2013-08-12,11.250000,11.540000,11.250000,11.510000,10.969895,333500
2013-08-13,11.490000,11.580000,11.380000,11.530000,10.988956,378500
2013-08-14,11.510000,11.600000,11.460000,11.480000,10.941303,262900
2013-08-15,11.410000,11.480000,11.260000,11.400000,10.865056,438600
2013-08-16,11.370000,11.510000,11.310000,11.390000,10.855525,203400
2013-08-19,11.400000,11.400000,11.030000,11.100000,10.579135,529600
2013-08-20,11.100000,11.220000,11.040000,11.120000,10.598194,405200
2013-08-21,11.100000,11.250000,10.990000,11.130000,10.607726,455300
2013-08-22,11.130000,11.280000,11.070000,11.140000,10.617256,285500
2013-08-23,11.140000,11.230000,11.070000,11.140000,10.617256,331200
2013-08-26,11.150000,11.220000,11.040000,11.210000,10.683973,501000
2013-08-27,11.090000,11.210000,10.980000,11.080000,10.560071,618700
2013-08-28,11.090000,11.200000,10.990000,10.990000,10.474295,595200
2013-08-29,11.000000,11.260000,11.000000,11.230000,10.703033,444700
2013-08-30,11.260000,11.260000,11.020000,11.060000,10.541012,603400
2013-09-03,11.180000,11.370000,11.010000,11.110000,10.588664,534000
2013-09-04,11.160000,11.370000,11.070000,11.320000,10.788810,792700
2013-09-05,11.370000,11.480000,11.350000,11.370000,10.836464,437100
2013-09-06,11.410000,11.540000,11.160000,11.480000,10.941303,537100
2013-09-09,11.550000,11.560000,11.280000,11.420000,10.884117,709800
2013-09-10,11.480000,11.580000,11.410000,11.520000,10.979424,608100
2013-09-11,11.470000,11.520000,11.310000,11.510000,10.969895,373200
2013-09-12,11.580000,11.580000,11.320000,11.370000,10.836464,314800
2013-09-13,11.430000,11.540000,11.330000,11.530000,10.988956,452500
2013-09-16,11.660000,11.660000,11.510000,11.570000,11.027079,615400
2013-09-17,11.620000,11.800000,11.550000,11.610000,11.065201,564300
2013-09-18,11.660000,11.740000,11.470000,11.590000,11.046141,400100
2013-09-19,11.660000,11.720000,11.530000,11.640000,11.093796,356800
2013-09-20,11.620000,11.660000,11.490000,11.520000,10.979424,524000
2013-09-23,11.570000,11.570000,11.260000,11.450000,10.912710,757700
2013-09-24,11.500000,11.590000,11.360000,11.560000,11.017548,585400
2013-09-25,11.560000,11.700000,11.440000,11.530000,10.988956,487400
2013-09-26,11.550000,11.550000,11.370000,11.450000,10.912710,298900
2013-09-27,11.420000,11.590000,11.370000,11.540000,10.998487,282000
2013-09-30,11.450000,11.610000,11.300000,11.550000,11.008018,785000
2013-10-01,11.570000,11.610000,11.460000,11.610000,11.065201,356700
2013-10-02,11.560000,11.600000,11.440000,11.510000,10.969895,209000
2013-10-03,11.490000,11.520000,11.240000,11.370000,10.836464,469700
2013-10-04,11.330000,11.600000,11.270000,11.540000,10.998487,257000
2013-10-07,11.460000,11.490000,11.320000,11.460000,10.922240,489200
2013-10-08,11.470000,11.510000,11.190000,11.290000,10.760217,601100
2013-10-09,11.350000,11.490000,11.260000,11.410000,10.874586,525600
2013-10-10,11.550000,11.850000,11.520000,11.730000,11.179569,625500
2013-10-11,11.800000,12.140000,11.670000,12.090000,11.522679,580500
2013-10-14,12.800000,13.390000,12.620000,13.240000,12.618713,3525400
2013-10-15,13.290000,13.380000,12.900000,13.030000,12.418569,1935400
2013-10-16,13.180000,13.190000,12.930000,13.050000,12.437629,1101000
2013-10-17,13.010000,13.020000,12.910000,12.930000,12.323261,932900
2013-10-18,13.000000,13.090000,12.870000,13.020000,12.409039,715500
2013-10-21,13.110000,13.680000,13.000000,13.310000,12.685430,1994200
2013-10-22,13.340000,13.500000,13.110000,13.250000,12.628244,902800
2013-10-23,13.050000,13.240000,13.050000,13.150000,12.532936,1028500
2013-10-24,13.170000,13.290000,13.110000,13.160000,12.542468,564900
2013-10-25,13.150000,13.190000,13.070000,13.150000,12.532936,471000
2013-10-28,13.150000,13.200000,13.090000,13.170000,12.551998,553100
2013-10-29,13.150000,13.700000,13.130000,13.660000,13.019005,1253200
2013-10-30,13.660000,13.680000,13.060000,13.100000,12.485284,1192700
2013-10-31,13.070000,13.160000,12.860000,12.900000,12.294668,1236600
2013-11-01,12.960000,13.020000,12.690000,12.700000,12.104053,1092100
2013-11-04,12.750000,12.990000,12.660000,12.900000,12.294668,1123400
2013-11-05,12.830000,12.900000,12.710000,12.730000,12.132646,820300
2013-11-06,12.790000,12.970000,12.730000,12.940000,12.332790,833600
2013-11-07,12.020000,12.500000,11.740000,11.770000,11.217693,4046100
2013-11-08,11.770000,12.000000,11.470000,11.960000,11.398777,1593700
2013-11-11,11.900000,12.060000,11.770000,12.030000,11.465492,768000
2013-11-12,12.000000,12.480000,11.980000,12.480000,11.894376,1408400
2013-11-13,12.460000,12.860000,12.280000,12.860000,12.256547,1366000
2013-11-14,12.810000,12.850000,12.490000,12.520000,11.932501,865600
2013-11-15,12.540000,12.690000,12.450000,12.550000,11.961093,547100
2013-11-18,12.570000,12.660000,12.450000,12.540000,11.951563,679400
2013-11-19,12.560000,12.570000,12.270000,12.340000,11.760947,661700
2013-11-20,12.400000,12.500000,12.350000,12.420000,11.837193,765300
2013-11-21,12.480000,12.740000,12.460000,12.630000,12.037338,432800
2013-11-22,12.630000,12.640000,12.470000,12.530000,11.942033,426500
2013-11-25,12.520000,12.540000,12.260000,12.450000,11.865784,836800
2013-11-26,12.500000,12.560000,12.420000,12.560000,11.970623,641300
2013-11-27,12.550000,12.600000,12.490000,12.600000,12.008747,370300
2013-11-29,12.640000,12.640000,12.490000,12.620000,12.027808,314100
2013-12-02,12.550000,12.550000,12.240000,12.260000,11.684699,923700
2013-12-03,12.160000,12.210000,11.960000,11.980000,11.417839,1362000
2013-12-04,11.940000,12.130000,11.900000,12.010000,11.446432,679300
2013-12-05,12.050000,12.160000,11.900000,12.120000,11.551270,704800
2013-12-06,12.190000,12.280000,12.100000,12.210000,11.637045,522300
2013-12-09,12.180000,12.230000,12.090000,12.160000,11.589394,742300
2013-12-10,12.110000,12.510000,12.110000,12.460000,11.875317,740500
2013-12-11,12.510000,12.570000,12.420000,12.510000,11.922970,641500
2013-12-12,12.530000,12.540000,12.340000,12.420000,11.837193,630900
2013-12-13,12.470000,12.500000,12.310000,12.420000,11.837193,732900
2013-12-16,12.490000,12.540000,12.350000,12.420000,11.837193,594600
2013-12-17,12.380000,12.600000,12.360000,12.520000,11.932501,459500
2013-12-18,12.540000,12.590000,12.400000,12.570000,11.980154,659100
2013-12-19,12.580000,12.620000,12.440000,12.570000,11.980154,487600
2013-12-20,12.560000,12.980000,12.540000,12.950000,12.342321,1209900
2013-12-23,12.850000,13.170000,12.760000,13.170000,12.551998,902000
2013-12-24,13.130000,13.200000,13.000000,13.100000,12.485284,322000
2013-12-26,13.080000,13.210000,13.050000,13.210000,12.590122,418500
2013-12-27,13.240000,13.240000,13.100000,13.220000,12.599652,244400
2013-12-30,13.230000,13.260000,13.080000,13.210000,12.590122,427700
2013-12-31,13.220000,13.300000,13.200000,13.300000,12.675899,372700
2014-01-02,13.190000,13.210000,12.780000,13.050000,12.437629,1052900
2014-01-03,13.010000,13.160000,12.980000,13.130000,12.513877,338800
2014-01-06,13.130000,13.140000,12.880000,12.980000,12.370914,468800
2014-01-07,13.010000,13.220000,12.930000,12.950000,12.342321,539200
2014-01-08,12.990000,13.120000,12.880000,13.060000,12.447161,819900
2014-01-09,13.060000,13.100000,12.810000,12.920000,12.313730,581200
2014-01-10,12.930000,12.940000,12.530000,12.600000,12.008747,858900
2014-01-13,12.530000,12.550000,11.650000,11.670000,11.122386,1905600
2014-01-14,11.670000,12.010000,11.670000,11.930000,11.370186,1078500
2014-01-15,12.030000,12.030000,11.420000,11.700000,11.150979,1747200
2014-01-16,11.610000,11.670000,11.360000,11.460000,10.922240,1337400
2014-01-17,11.400000,11.430000,11.210000,11.350000,10.817402,893700
2014-01-21,11.390000,11.440000,11.010000,11.140000,10.617256,1059800
2014-01-22,11.130000,11.450000,11.110000,11.390000,10.855525,741700
2014-01-23,11.380000,11.430000,10.980000,11.140000,10.617256,1014400
2014-01-24,11.110000,11.170000,10.760000,10.830000,10.321803,1073100
2014-01-27,10.840000,10.930000,10.730000,10.800000,10.293212,581800
2014-01-28,11.350000,12.070000,11.280000,12.030000,11.465492,2581000
2014-01-29,11.890000,11.990000,11.800000,11.830000,11.274879,1212200
2014-01-30,12.000000,12.000000,11.750000,11.770000,11.217693,685100
2014-01-31,11.630000,11.730000,11.540000,11.640000,11.093796,742800
2014-02-03,11.670000,11.690000,11.450000,11.510000,10.969895,638700
2014-02-04,11.570000,11.580000,11.390000,11.430000,10.893649,730600
2014-02-05,11.370000,11.410000,11.230000,11.340000,10.807873,639800
2014-02-06,11.400000,11.720000,11.380000,11.530000,10.988956,470900
2014-02-07,11.620000,11.690000,11.430000,11.490000,10.950833,658300
2014-02-10,11.460000,11.490000,11.350000,11.370000,10.836464,458800
2014-02-11,11.380000,11.570000,11.350000,11.530000,10.988956,269900
2014-02-12,11.510000,11.700000,11.450000,11.510000,10.969895,297900
2014-02-13,11.460000,11.580000,11.360000,11.580000,11.036611,324200
2014-02-14,11.530000,11.680000,11.450000,11.580000,11.036611,393000
2014-02-18,11.580000,11.580000,11.330000,11.500000,10.960364,587700
2014-02-19,11.470000,11.550000,11.380000,11.410000,10.874586,300500
2014-02-20,11.480000,11.540000,11.390000,11.530000,10.988956,247000
2014-02-21,11.480000,11.590000,11.400000,11.550000,11.008018,347200
2014-02-24,11.550000,11.620000,11.420000,11.500000,10.960364,349200
2014-02-25,11.490000,11.490000,11.230000,11.270000,10.741157,488400
2014-02-26,11.530000,11.710000,11.400000,11.570000,11.027079,534500
2014-02-27,11.530000,11.600000,11.350000,11.560000,11.017548,310700
2014-02-28,11.560000,11.700000,11.460000,11.540000,10.998487,268300
2014-03-03,11.430000,11.430000,11.250000,11.420000,10.884117,422400
2014-03-04,11.540000,11.540000,11.130000,11.450000,10.912710,942200
2014-03-05,11.400000,11.620000,11.200000,11.480000,10.941303,664900
2014-03-06,11.470000,11.780000,11.450000,11.730000,11.179569,443200
2014-03-07,11.790000,11.840000,11.640000,11.840000,11.284409,384400
2014-03-10,11.780000,11.900000,11.570000,11.760000,11.208162,728200
2014-03-11,11.750000,11.910000,11.670000,11.890000,11.332063,509000
2014-03-12,11.820000,12.310000,11.750000,12.280000,11.703762,738200
2014-03-13,12.320000,12.340000,11.950000,11.980000,11.417839,609600
2014-03-14,11.980000,12.410000,11.920000,12.330000,11.751415,708500
2014-03-17,12.390000,12.400000,12.220000,12.260000,11.684699,416000
2014-03-18,12.260000,12.480000,12.160000,12.470000,11.884846,658000
2014-03-19,12.420000,12.490000,12.350000,12.400000,11.818130,385800
2014-03-20,12.420000,12.800000,12.280000,12.720000,12.123116,746400
2014-03-21,12.710000,12.770000,12.630000,12.670000,12.075462,515300
2014-03-24,12.700000,12.700000,12.310000,12.520000,11.932501,432900
2014-03-25,12.630000,12.660000,12.390000,12.550000,11.961093,672000
2014-03-26,12.620000,12.730000,12.080000,12.120000,11.551270,596100
2014-03-27,12.070000,12.190000,11.930000,12.110000,11.541738,393300
2014-03-28,12.180000,12.420000,12.130000,12.310000,11.732354,393500
2014-03-31,12.370000,12.640000,12.230000,12.610000,12.018276,395400
2014-04-01,12.590000,12.670000,12.360000,12.620000,12.027808,455600
2014-04-02,12.650000,12.700000,12.500000,12.670000,12.075462,294000
2014-04-03,12.570000,12.700000,12.370000,12.530000,11.942033,481400
2014-04-04,12.610000,12.610000,12.060000,12.240000,11.665639,377800
2014-04-07,12.220000,12.240000,11.750000,12.120000,11.551270,573200
2014-04-08,12.160000,12.240000,11.980000,12.180000,11.608455,261400
2014-04-09,12.220000,12.240000,12.040000,12.200000,11.627515,158000
2014-04-10,12.150000,12.290000,12.030000,12.060000,11.494085,309100
2014-04-11,11.960000,12.140000,11.810000,11.960000,11.398777,357400
2014-04-14,11.990000,12.110000,11.920000,12.010000,11.446432,333400
2014-04-15,12.000000,12.080000,11.740000,11.960000,11.398777,343900
2014-04-16,11.960000,12.080000,11.760000,12.070000,11.503616,543800
2014-04-17,12.100000,12.240000,12.050000,12.140000,11.570331,361000
2014-04-21,12.150000,12.290000,12.050000,12.200000,11.627515,299800
2014-04-22,12.230000,13.240000,12.230000,13.010000,12.399507,1590000
2014-04-23,12.940000,13.600000,12.910000,13.430000,12.799798,1965000
2014-04-24,13.430000,13.620000,13.250000,13.280000,12.656837,1171400
2014-04-25,13.200000,13.250000,12.830000,12.880000,12.275608,447400
2014-04-28,12.910000,12.960000,12.460000,12.630000,12.037338,612800
2014-04-29,13.090000,13.980000,13.090000,13.630000,12.990414,2527800
2014-04-30,13.600000,14.850000,13.400000,14.710000,14.019733,2159200
2014-05-01,14.630000,14.840000,14.450000,14.470000,13.790998,856300
2014-05-02,14.420000,14.680000,14.270000,14.480000,13.800527,788300
2014-05-05,14.480000,14.680000,14.240000,14.470000,13.790998,589800
2014-05-06,14.380000,14.550000,14.280000,14.290000,13.619442,474700
2014-05-07,14.260000,14.300000,14.050000,14.200000,13.533667,590600
2014-05-08,14.170000,14.580000,14.120000,14.290000,13.619442,785300
2014-05-09,14.200000,14.340000,13.970000,14.150000,13.486012,473200
2014-05-12,14.140000,14.350000,14.040000,14.290000,13.619442,511700
2014-05-13,14.300000,14.400000,14.100000,14.160000,13.495544,372000
2014-05-14,14.140000,14.180000,13.920000,13.980000,13.323990,592700
2014-05-15,13.950000,14.030000,13.680000,13.860000,13.209620,636200
2014-05-16,13.940000,13.950000,13.710000,13.830000,13.181028,340000
2014-05-19,13.690000,13.920000,13.690000,13.830000,13.181028,309900
2014-05-20,13.790000,13.870000,13.690000,13.790000,13.142906,394600
2014-05-21,13.780000,13.920000,13.640000,13.820000,13.171498,357400
2014-05-22,13.830000,14.300000,13.790000,14.140000,13.476482,740500
2014-05-23,14.150000,14.270000,14.140000,14.210000,13.543198,386900
2014-05-27,14.350000,14.490000,14.240000,14.320000,13.648035,518600
2014-05-28,14.320000,14.360000,14.150000,14.190000,13.524136,584900
2014-05-29,14.240000,14.300000,14.160000,14.180000,13.514605,462500
2014-05-30,14.180000,14.200000,14.080000,14.090000,13.428829,445600
2014-06-02,14.080000,14.180000,13.980000,14.030000,13.371643,448600
2014-06-03,14.010000,14.140000,13.950000,14.000000,13.343050,637600
2014-06-04,14.070000,14.670000,14.000000,14.640000,13.953019,791600
2014-06-05,14.670000,14.840000,14.410000,14.730000,14.038796,531600
2014-06-06,14.710000,14.770000,14.450000,14.470000,13.790998,380300
2014-06-09,14.470000,14.540000,14.400000,14.490000,13.810058,301800
2014-06-10,14.430000,14.720000,14.410000,14.680000,13.991143,360400
2014-06-11,14.560000,14.880000,14.560000,14.660000,13.972081,408100
2014-06-12,14.600000,14.750000,14.420000,14.490000,13.810058,358100
2014-06-13,14.570000,14.820000,14.370000,14.450000,13.771934,531400
2014-06-16,14.450000,15.040000,14.330000,14.660000,13.972081,799700
2014-06-17,14.640000,15.100000,14.520000,14.960000,14.258003,693900
2014-06-18,14.930000,15.010000,14.520000,14.570000,13.886304,558200
2014-06-19,14.630000,14.650000,14.230000,14.320000,13.648035,452100
2014-06-20,14.280000,14.440000,14.170000,14.230000,13.562257,465800
2014-06-23,14.190000,14.230000,14.030000,14.130000,13.466949,417700
2014-06-24,14.100000,14.350000,14.030000,14.030000,13.371643,361400
2014-06-25,14.000000,14.180000,13.950000,14.100000,13.438358,245100
2014-06-26,14.100000,14.100000,13.770000,13.950000,13.295398,364400
2014-06-27,13.870000,14.310000,13.830000,14.240000,13.571789,346000
2014-06-30,14.200000,14.370000,14.150000,14.260000,13.590852,345800
2014-07-01,14.300000,14.530000,14.200000,14.500000,13.819590,586500
2014-07-02,14.500000,14.540000,14.260000,14.360000,13.686158,355300
2014-07-03,14.420000,14.520000,14.160000,14.490000,13.810058,284500
2014-07-07,14.420000,14.450000,14.140000,14.230000,13.562257,258900
2014-07-08,14.150000,14.250000,13.900000,14.080000,13.419295,439200
2014-07-09,14.150000,14.320000,14.010000,14.320000,13.648035,371200
2014-07-10,14.120000,14.390000,14.040000,14.290000,13.619442,379200
2014-07-11,14.250000,14.350000,14.150000,14.210000,13.543198,384800
2014-07-14,14.330000,14.460000,14.240000,14.420000,13.743343,298100
2014-07-15,14.430000,14.470000,14.170000,14.220000,13.552727,256900
2014-07-16,14.260000,14.330000,14.090000,14.140000,13.476482,282700
2014-07-17,14.170000,14.220000,13.980000,14.090000,13.428829,353800
2014-07-18,14.110000,14.310000,14.070000,14.270000,13.600381,313400
2014-07-21,14.270000,14.330000,14.160000,14.310000,13.638504,372900
2014-07-22,14.340000,14.500000,14.310000,14.430000,13.752874,308500
2014-07-23,14.400000,14.460000,14.050000,14.150000,13.486012,601900
2014-07-24,14.120000,14.160000,13.920000,13.990000,13.333520,651600
2014-07-25,13.870000,13.990000,13.440000,13.940000,13.285867,572900
2014-07-28,13.890000,13.890000,13.520000,13.770000,13.123845,744900
2014-07-29,14.120000,14.280000,13.900000,14.200000,13.533667,1189300
2014-07-30,14.400000,14.400000,13.890000,13.940000,13.285867,762100
2014-07-31,13.790000,13.850000,13.600000,13.620000,12.980884,875800
2014-08-01,13.530000,13.920000,13.500000,13.850000,13.200089,546400
2014-08-04,13.850000,14.010000,13.780000,13.970000,13.314459,458800
2014-08-05,13.950000,14.110000,13.760000,13.890000,13.238213,397400
2014-08-06,13.830000,13.950000,13.800000,13.930000,13.276336,272200
2014-08-07,14.000000,14.040000,13.780000,13.890000,13.238213,401400
2014-08-08,13.870000,14.030000,13.850000,14.000000,13.343050,307600
2014-08-11,14.070000,14.250000,14.050000,14.170000,13.505074,338900
2014-08-12,14.180000,14.290000,14.040000,14.170000,13.505074,290100
2014-08-13,14.200000,14.270000,14.100000,14.170000,13.505074,510400
2014-08-14,14.210000,14.430000,14.190000,14.260000,13.590852,250800
2014-08-15,14.330000,14.490000,14.150000,14.300000,13.628973,443100
2014-08-18,14.200000,14.400000,14.200000,14.370000,13.695688,253200
2014-08-19,14.380000,14.520000,14.370000,14.390000,13.714752,268300
2014-08-20,14.390000,14.450000,14.310000,14.390000,13.714752,193000
2014-08-21,14.370000,14.550000,14.320000,14.530000,13.848182,374800
2014-08-22,14.520000,14.670000,14.450000,14.450000,13.771934,245700
2014-08-25,14.540000,14.550000,14.210000,14.270000,13.600381,279000
2014-08-26,14.240000,14.370000,14.230000,14.320000,13.648035,179400
2014-08-27,14.640000,14.980000,14.600000,14.910000,14.210348,826800
2014-08-28,14.800000,14.950000,14.700000,14.720000,14.029265,304500
2014-08-29,14.820000,14.880000,14.660000,14.690000,14.000672,250300
2014-09-02,14.690000,14.790000,14.610000,14.740000,14.048326,483900
2014-09-03,14.760000,14.890000,14.710000,14.750000,14.057858,448200
2014-09-04,14.740000,14.870000,14.730000,14.830000,14.134104,361800
2014-09-05,14.830000,14.990000,14.750000,14.950000,14.248472,324800
2014-09-08,14.910000,15.230000,14.700000,14.700000,14.010204,422900
2014-09-09,14.640000,14.750000,14.550000,14.650000,13.962550,302100
2014-09-10,14.710000,14.810000,14.510000,14.710000,14.019733,387500
2014-09-11,14.680000,14.990000,14.600000,14.980000,14.277064,386500
2014-09-12,14.930000,14.930000,14.650000,14.700000,14.010204,225200
2014-09-15,14.700000,14.700000,14.330000,14.420000,13.743343,426600
2014-09-16,14.320000,14.640000,14.320000,14.610000,13.924427,216700
2014-09-17,14.540000,14.890000,14.480000,14.510000,13.829122,286500
2014-09-18,14.520000,14.770000,14.520000,14.620000,13.933959,257900
2014-09-19,14.700000,14.750000,14.620000,14.690000,14.000672,456300
2014-09-22,14.600000,14.610000,14.170000,14.190000,13.524136,650100
2014-09-23,14.150000,14.400000,14.100000,14.170000,13.505074,204000
2014-09-24,14.240000,14.390000,14.170000,14.360000,13.686158,231800
2014-09-25,14.340000,14.430000,14.120000,14.190000,13.524136,279800
2014-09-26,14.230000,14.350000,14.230000,14.310000,13.638504,162000
2014-09-29,14.200000,14.360000,14.130000,14.350000,13.676629,240900
2014-09-30,14.280000,14.330000,14.120000,14.230000,13.562257,375300
2014-10-01,14.170000,14.280000,14.030000,14.070000,13.409765,614200
2014-10-02,14.010000,14.140000,13.940000,14.070000,13.409765,624100
2014-10-03,14.130000,14.230000,14.050000,14.150000,13.486012,252600
2014-10-06,14.230000,14.300000,13.960000,14.040000,13.381174,397400
2014-10-07,13.950000,14.080000,13.760000,13.760000,13.114313,417000
2014-10-08,13.750000,14.040000,13.470000,14.020000,13.362114,457200
2014-10-09,13.960000,13.990000,13.230000,13.240000,12.618713,442900
2014-10-10,13.170000,13.190000,12.550000,12.570000,11.980154,811200
2014-10-13,12.470000,12.610000,12.140000,12.310000,11.732354,975600
2014-10-14,12.450000,12.750000,12.360000,12.510000,11.922970,511700
2014-10-15,12.270000,12.940000,12.180000,12.860000,12.256547,524700
2014-10-16,12.640000,12.950000,12.620000,12.800000,12.199361,681600
2014-10-17,12.900000,12.980000,12.710000,12.720000,12.123116,445800
2014-10-20,12.720000,12.990000,12.660000,12.980000,12.370914,621600
2014-10-21,13.000000,13.360000,12.980000,13.350000,12.723553,309400
2014-10-22,13.430000,13.550000,13.210000,13.290000,12.666368,460100
2014-10-23,13.380000,13.850000,13.380000,13.670000,13.028538,450300
2014-10-24,13.760000,13.940000,13.710000,13.850000,13.200089,374500
2014-10-27,13.720000,13.970000,13.680000,13.830000,13.181028,346600
2014-10-28,13.840000,14.070000,13.830000,14.050000,13.390707,404600
2014-10-29,13.950000,14.120000,13.910000,14.000000,13.343050,225500
2014-10-30,13.900000,14.080000,13.730000,14.000000,13.343050,391500
2014-10-31,14.140000,14.430000,14.050000,14.420000,13.743343,453000
2014-11-03,14.390000,14.390000,14.120000,14.170000,13.505074,451000
2014-11-04,14.030000,14.360000,13.860000,14.350000,13.676629,473600
2014-11-05,14.420000,14.450000,14.190000,14.410000,13.733812,611100
2014-11-06,13.010000,14.230000,12.810000,13.810000,13.161967,1441700
2014-11-07,13.800000,14.050000,13.450000,13.560000,12.923699,514500
2014-11-10,13.530000,13.590000,13.340000,13.540000,12.904635,470600
2014-11-11,13.510000,13.640000,13.450000,13.560000,12.923699,233600
2014-11-12,13.630000,14.020000,13.600000,14.000000,13.343050,568700
2014-11-13,14.000000,14.240000,13.820000,13.820000,13.171498,610000
2014-11-14,13.880000,14.060000,13.850000,13.960000,13.304927,333300
2014-11-17,13.900000,13.990000,13.630000,13.850000,13.200089,431600
2014-11-18,13.890000,14.100000,13.860000,13.970000,13.314459,283500
2014-11-19,13.990000,13.990000,13.670000,13.750000,13.104783,364600
2014-11-20,13.730000,14.010000,13.690000,13.980000,13.323990,382900
2014-11-21,14.070000,14.100000,13.910000,13.950000,13.295398,227000
2014-11-24,13.940000,14.030000,13.870000,13.950000,13.295398,241700
2014-11-25,13.970000,14.050000,13.860000,13.980000,13.323990,261900
2014-11-26,13.930000,14.130000,13.890000,14.080000,13.419295,265800
2014-11-28,14.060000,14.060000,13.850000,13.980000,13.323990,155800
2014-12-01,13.930000,14.080000,13.820000,13.940000,13.285867,301400
2014-12-02,13.960000,14.020000,13.890000,14.000000,13.343050,217400
2014-12-03,13.950000,14.250000,13.950000,14.210000,13.543198,252000
2014-12-04,14.180000,14.250000,14.000000,14.100000,13.438358,325100
2014-12-05,14.100000,14.250000,14.000000,14.180000,13.514605,165000
2014-12-08,14.070000,14.090000,13.870000,13.980000,13.323990,388300
2014-12-09,13.800000,14.120000,13.630000,14.070000,13.409765,487500
2014-12-10,13.980000,14.150000,13.950000,14.060000,13.400237,461500
2014-12-11,14.160000,14.210000,13.950000,13.960000,13.304927,301500
2014-12-12,13.800000,13.950000,13.690000,13.780000,13.133374,496300
2014-12-15,13.810000,14.060000,13.480000,13.500000,12.866514,526200
2014-12-16,13.250000,13.620000,13.250000,13.470000,12.837922,551000
2014-12-17,13.540000,13.830000,13.340000,13.770000,13.123845,354900
2014-12-18,13.960000,14.150000,13.820000,13.910000,13.257276,441800
2014-12-19,13.970000,14.060000,13.830000,13.900000,13.247744,708200
2014-12-22,13.890000,14.440000,13.870000,14.390000,13.714752,435800
2014-12-23,14.420000,14.840000,14.370000,14.670000,13.981612,518300
2014-12-24,14.700000,14.820000,14.560000,14.560000,13.876775,127900
2014-12-26,14.550000,14.660000,14.520000,14.530000,13.848182,93400
2014-12-29,14.480000,14.580000,14.410000,14.520000,13.838651,167500
2014-12-30,14.590000,14.790000,14.550000,14.690000,14.000672,287300
2014-12-31,14.700000,14.700000,14.420000,14.460000,13.781466,196300
2015-01-02,14.550000,14.700000,14.140000,14.390000,13.714752,317000
2015-01-05,14.270000,14.280000,14.040000,14.270000,13.600381,591200
2015-01-06,14.350000,14.350000,13.900000,13.930000,13.276336,531200
2015-01-07,14.050000,14.090000,13.950000,14.070000,13.409765,265600
2015-01-08,14.160000,14.690000,14.160000,14.610000,13.924427,571100
2015-01-09,14.550000,14.660000,14.300000,14.450000,13.771934,231300
2015-01-12,14.660000,14.690000,14.390000,14.430000,13.752874,302500
2015-01-13,14.610000,14.770000,14.070000,14.270000,13.600381,578500
2015-01-14,13.980000,14.360000,13.810000,14.170000,13.505074,325100
2015-01-15,14.170000,14.320000,14.030000,14.040000,13.381174,413200
2015-01-16,14.010000,14.470000,13.970000,14.430000,13.752874,220700
2015-01-20,14.430000,14.530000,14.360000,14.360000,13.686158,404100
2015-01-21,14.360000,14.540000,14.090000,14.210000,13.543198,437900
2015-01-22,14.250000,14.590000,14.050000,14.530000,13.848182,364300
2015-01-23,14.520000,14.650000,14.500000,14.540000,13.857713,146600
2015-01-26,14.530000,14.870000,14.480000,14.840000,14.143635,306400
2015-01-27,14.640000,14.740000,14.480000,14.600000,13.914896,229100
2015-01-28,15.100000,15.990000,15.100000,15.750000,15.010932,1607800
2015-01-29,15.800000,16.040001,15.550000,15.810000,15.068117,828900
2015-01-30,15.730000,15.900000,15.140000,15.170000,14.458149,738200
2015-02-02,15.330000,15.680000,14.830000,15.630000,14.896564,658300
2015-02-03,15.650000,15.860000,15.600000,15.780000,15.039523,333800
2015-02-04,15.560000,15.860000,15.550000,15.760000,15.020463,275200
2015-02-05,15.950000,15.980000,15.750000,15.920000,15.172956,327200
2015-02-06,15.880000,16.010000,15.800000,15.880000,15.134832,377500
2015-02-09,15.850000,16.000000,15.590000,15.760000,15.020463,227600
2015-02-10,15.850000,16.490000,15.640000,16.400000,15.630432,614300
2015-02-11,16.320000,16.360001,15.980000,16.250000,15.487471,472700
2015-02-12,16.290001,16.500000,16.250000,16.299999,15.535123,281100
2015-02-13,16.270000,16.389999,15.960000,16.000000,15.249201,491800
2015-02-17,16.010000,16.059999,15.880000,15.920000,15.172956,485400
2015-02-18,15.990000,16.059999,15.740000,16.040001,15.287325,487200
2015-02-19,15.970000,16.070000,15.860000,15.920000,15.172956,189100
2015-02-20,15.850000,16.100000,15.840000,16.059999,15.306386,520500
2015-02-23,16.059999,16.180000,15.950000,16.100000,15.344508,263600
2015-02-24,16.150000,16.530001,16.100000,16.510000,15.735271,557300
2015-02-25,16.490000,16.540001,16.209999,16.280001,15.516063,426100
2015-02-26,16.280001,16.350000,16.020000,16.100000,15.344508,354600
2015-02-27,16.000000,16.080000,15.800000,16.000000,15.249201,701700
2015-03-02,16.090000,16.530001,15.990000,16.330000,15.563716,797500
2015-03-03,16.230000,16.389999,16.110001,16.170000,15.411223,747800
2015-03-04,16.120001,16.290001,15.990000,16.200001,15.439816,398800
2015-03-05,16.230000,16.299999,16.030001,16.059999,15.306386,259100
2015-03-06,15.960000,16.170000,15.960000,16.110001,15.354040,289000
2015-03-09,16.150000,16.240000,15.990000,16.160000,15.401694,417000
2015-03-10,15.980000,16.160000,15.820000,15.990000,15.239671,325800
2015-03-11,15.990000,16.059999,15.810000,15.980000,15.230141,553800
2015-03-12,15.880000,16.080000,15.800000,16.059999,15.306386,216900
2015-03-13,16.100000,16.139999,15.870000,16.110001,15.354040,258200
2015-03-16,16.209999,16.370001,16.040001,16.200001,15.439816,1002500
2015-03-17,16.110001,16.190001,15.970000,16.000000,15.249201,410200
2015-03-18,15.940000,16.070000,15.760000,16.059999,15.306386,380400
2015-03-19,16.040001,16.120001,15.890000,16.100000,15.344508,268800
2015-03-20,16.250000,16.250000,15.920000,16.090000,15.334977,682100
2015-03-23,16.049999,16.400000,16.049999,16.299999,15.535123,272600
2015-03-24,16.320000,16.320000,16.020000,16.100000,15.344508,194800
2015-03-25,16.090000,16.250000,15.590000,15.600000,14.867971,492000
2015-03-26,15.350000,15.530000,14.670000,15.320000,14.601110,1074700
2015-03-27,15.190000,15.570000,15.050000,15.540000,14.810788,551000
2015-03-30,15.580000,15.920000,15.430000,15.830000,15.087179,489900
2015-03-31,15.880000,15.940000,15.510000,15.630000,14.896564,539800
2015-04-01,15.600000,15.780000,15.410000,15.670000,14.934687,445700
2015-04-02,15.700000,15.960000,15.650000,15.840000,15.096711,421900
2015-04-06,15.690000,15.760000,15.530000,15.580000,14.848911,411000
2015-04-07,15.520000,15.660000,15.470000,15.530000,14.801256,444300
2015-04-08,15.530000,15.790000,15.440000,15.690000,14.953749,407000
2015-04-09,15.640000,15.770000,15.560000,15.690000,14.953749,232600
2015-04-10,15.700000,15.880000,15.680000,15.790000,15.049057,214300
2015-04-13,15.750000,15.880000,15.700000,15.830000,15.087179,324000
2015-04-14,15.840000,15.950000,15.700000,15.930000,15.182486,480000
2015-04-15,15.960000,16.080000,15.820000,15.970000,15.220609,506200
2015-04-16,15.850000,15.910000,15.730000,15.860000,15.115769,352500
2015-04-17,15.740000,15.750000,15.410000,15.610000,14.877502,357700
2015-04-20,15.660000,15.760000,15.570000,15.610000,14.877502,337100
2015-04-21,15.730000,15.730000,15.530000,15.650000,14.915625,262100
2015-04-22,15.680000,15.730000,15.500000,15.660000,14.925155,517300
2015-04-23,15.580000,15.760000,15.570000,15.680000,14.944221,468300
2015-04-24,15.650000,15.720000,15.410000,15.490000,14.763133,563600
2015-04-27,15.560000,15.660000,15.350000,15.410000,14.686886,404400
2015-04-28,15.430000,15.620000,15.230000,15.550000,14.820318,422600
2015-04-29,15.520000,15.600000,15.220000,15.380000,14.658297,605400
2015-04-30,15.280000,15.350000,15.080000,15.110000,14.400965,620300
2015-05-01,15.220000,15.630000,15.190000,15.610000,14.877502,336200
2015-05-04,15.600000,15.680000,15.440000,15.580000,14.848911,416000
2015-05-05,14.490000,14.700000,13.430000,13.530000,12.895105,3324700
2015-05-06,13.610000,13.710000,13.170000,13.210000,12.590122,1082400
2015-05-07,13.180000,13.480000,13.110000,13.340000,12.714022,1015900
2015-05-08,13.420000,13.590000,13.370000,13.510000,12.876045,1259100
2015-05-11,13.500000,13.680000,13.420000,13.620000,12.980884,651800
2015-05-12,13.510000,13.510000,13.000000,13.020000,12.409039,991300
2015-05-13,13.000000,13.190000,12.760000,12.820000,12.218422,1355000
2015-05-14,12.850000,13.080000,12.750000,13.070000,12.456692,820500
2015-05-15,13.020000,13.220000,13.020000,13.070000,12.456692,538400
2015-05-18,13.120000,13.200000,13.040000,13.130000,12.513877,744900
2015-05-19,13.100000,13.160000,13.040000,13.040000,12.428099,687000
2015-05-20,13.090000,13.150000,12.880000,13.050000,12.437629,690400
2015-05-21,13.010000,13.220000,13.010000,13.140000,12.523408,759100
2015-05-22,13.080000,13.320000,13.070000,13.190000,12.571058,512300
2015-05-26,13.060000,13.170000,12.890000,13.020000,12.409039,823400
2015-05-27,13.090000,13.420000,13.050000,13.290000,12.666368,843000
2015-05-28,13.230000,13.440000,13.170000,13.230000,12.609183,790800
2015-05-29,13.220000,13.400000,13.110000,13.260000,12.637774,660800
2015-06-01,13.270000,13.360000,13.090000,13.130000,12.513877,845900
2015-06-02,13.060000,13.360000,12.970000,13.210000,12.590122,955200
2015-06-03,13.290000,13.480000,13.290000,13.410000,12.780737,731500
2015-06-04,13.400000,13.470000,13.240000,13.250000,12.628244,850100
2015-06-05,13.240000,13.260000,12.980000,13.100000,12.485284,695800
2015-06-08,13.100000,13.150000,12.880000,12.900000,12.294668,617600
2015-06-09,12.840000,12.950000,12.830000,12.890000,12.285137,427200
2015-06-10,12.910000,13.040000,12.820000,12.950000,12.342321,669600
2015-06-11,13.020000,13.050000,12.790000,12.790000,12.189830,412900
2015-06-12,12.790000,12.850000,12.710000,12.710000,12.113584,335700
2015-06-15,12.630000,12.640000,12.360000,12.560000,11.970623,486800
2015-06-16,12.560000,12.690000,12.520000,12.600000,12.008747,447600
2015-06-17,12.570000,12.720000,12.430000,12.490000,11.903908,684400
2015-06-18,12.460000,12.580000,12.410000,12.490000,11.903908,685700
2015-06-19,12.530000,12.590000,12.350000,12.410000,11.827662,533900
2015-06-22,12.510000,12.580000,12.360000,12.410000,11.827662,515200
2015-06-23,12.470000,12.510000,12.340000,12.460000,11.875317,612300
2015-06-24,12.460000,12.590000,12.370000,12.400000,11.818130,348300
2015-06-25,12.480000,12.540000,12.250000,12.290000,11.713293,438100
2015-06-26,12.260000,12.390000,12.160000,12.210000,11.637045,372400
2015-06-29,12.080000,12.130000,11.880000,11.900000,11.341594,332600
2015-06-30,11.950000,11.990000,11.660000,11.710000,11.160510,618200
2015-07-01,11.810000,11.950000,11.740000,11.750000,11.198633,408400
2015-07-02,11.800000,11.910000,11.770000,11.830000,11.274879,339900
2015-07-06,11.750000,11.780000,11.610000,11.690000,11.141448,422300
2015-07-07,11.660000,11.720000,11.350000,11.700000,11.150979,398600
2015-07-08,11.570000,11.700000,11.440000,11.580000,11.036611,636400
2015-07-09,11.670000,11.710000,11.330000,11.510000,10.969895,664000
2015-07-10,11.760000,11.760000,11.420000,11.500000,10.960364,313300
2015-07-13,11.690000,11.690000,11.550000,11.610000,11.065201,400700
2015-07-14,11.520000,11.730000,11.520000,11.550000,11.008018,306900
2015-07-15,11.580000,11.640000,11.150000,11.180000,10.655379,560300
2015-07-16,11.270000,11.310000,10.920000,10.960000,10.445703,537500
2015-07-17,11.000000,11.010000,10.790000,10.920000,10.407579,415600
2015-07-20,10.950000,11.000000,10.670000,10.740000,10.236027,332500
2015-07-21,10.710000,10.880000,10.660000,10.710000,10.207435,390900
2015-07-22,10.560000,10.570000,10.310000,10.490000,9.997758,329400
2015-07-23,10.460000,10.740000,10.460000,10.560000,10.064474,233600
2015-07-24,10.590000,10.590000,10.220000,10.270000,9.788083,263300
2015-07-27,10.180000,10.530000,10.020000,10.440000,9.950103,403700
2015-07-28,10.420000,10.610000,10.100000,10.530000,10.035882,715300
2015-07-29,10.500000,10.500000,10.150000,10.150000,9.673713,726200
2015-07-30,10.130000,10.510000,10.130000,10.480000,9.988226,564100
2015-07-31,10.490000,10.490000,10.350000,10.410000,9.921513,375500
2015-08-03,10.450000,10.520000,10.040000,10.090000,9.616528,797000
2015-08-04,9.850000,10.280000,9.720000,10.140000,9.664180,1015400
2015-08-05,10.180000,10.420000,10.140000,10.240000,9.759487,595900
2015-08-06,10.280000,10.400000,10.170000,10.350000,9.864326,460600
2015-08-07,10.330000,10.490000,10.220000,10.280000,9.797611,433000
2015-08-10,10.320000,10.730000,10.320000,10.580000,10.083534,367200
2015-08-11,10.750000,10.750000,10.300000,10.300000,9.816673,455500
2015-08-12,10.250000,10.470000,10.150000,10.400000,9.911979,307600
2015-08-13,10.390000,10.500000,10.260000,10.270000,9.788083,133800
2015-08-14,10.240000,10.310000,10.170000,10.250000,9.769019,183000
2015-08-17,10.200000,10.420000,10.200000,10.260000,9.778550,276300
2015-08-18,10.210000,10.370000,10.170000,10.180000,9.702305,323300
2015-08-19,10.160000,10.420000,10.060000,10.220000,9.740428,395800
2015-08-20,10.200000,10.330000,10.070000,10.200000,9.721366,505700
2015-08-21,10.130000,10.470000,10.130000,10.270000,9.788083,695800
2015-08-24,10.030000,10.460000,9.680000,10.150000,9.673713,809600
2015-08-25,10.500000,10.500000,10.000000,10.000000,9.530750,394100
2015-08-26,10.170000,10.260000,10.030000,10.210000,9.730896,274400
2015-08-27,10.310000,10.570000,10.200000,10.420000,9.931045,373200
2015-08-28,10.420000,10.700000,10.420000,10.560000,10.064474,493600
2015-08-31,10.600000,10.790000,10.470000,10.560000,10.064474,657200
2015-09-01,10.450000,10.920000,10.420000,10.590000,10.093065,999200
2015-09-02,10.620000,10.750000,10.470000,10.650000,10.150249,274200
2015-09-03,10.660000,10.880000,10.660000,10.740000,10.236027,369000
2015-09-04,10.660000,10.780000,10.580000,10.590000,10.093065,202900
2015-09-08,10.720000,10.840000,10.620000,10.690000,10.188373,460000
2015-09-09,9.790000,10.180000,9.700000,9.940000,9.473566,1662900
2015-09-10,9.880000,9.900000,9.210000,9.360000,8.920782,1722800
2015-09-11,9.350000,9.360000,8.990000,9.110000,8.682512,985300
2015-09-14,9.090000,9.300000,9.090000,9.160000,8.730167,576500
2015-09-15,9.200000,9.360000,9.190000,9.340000,8.901721,814300
2015-09-16,9.360000,9.400000,9.260000,9.350000,8.911252,540800
2015-09-17,9.260000,9.440000,9.250000,9.310000,8.873130,424900
2015-09-18,9.250000,9.300000,9.110000,9.140000,8.711107,1310800
2015-09-21,9.210000,9.270000,8.990000,9.050000,8.625329,587600
2015-09-22,8.960000,9.030000,8.800000,8.850000,8.434713,776500
2015-09-23,8.840000,9.050000,8.830000,8.990000,8.568146,640500
2015-09-24,8.940000,9.090000,8.850000,8.970000,8.549085,944800
2015-09-25,9.010000,9.310000,8.980000,9.150000,8.720636,860900
2015-09-28,9.080000,9.110000,8.980000,9.020000,8.596737,337800
2015-09-29,8.990000,9.110000,8.940000,9.030000,8.606268,380800
2015-09-30,9.070000,9.290000,9.070000,9.180000,8.749228,556000
2015-10-01,9.160000,9.250000,8.990000,9.080000,8.653923,430900
2015-10-02,9.030000,9.300000,9.000000,9.220000,8.787353,504800
2015-10-05,9.130000,9.420000,9.130000,9.390000,8.949374,625200
2015-10-06,9.430000,9.630000,9.400000,9.580000,9.130461,416000
2015-10-07,9.610000,9.940000,9.590000,9.910000,9.444973,795500
2015-10-08,9.860000,10.060000,9.590000,10.030000,9.559341,622300
2015-10-09,9.980000,10.090000,9.920000,10.010000,9.540282,389800
2015-10-12,10.040000,10.100000,9.950000,10.030000,9.559341,310900
2015-10-13,10.010000,10.050000,9.820000,9.840000,9.378260,383600
2015-10-14,9.830000,10.280000,9.830000,10.160000,9.683243,548800
2015-10-15,10.180000,10.430000,10.180000,10.390000,9.902451,478100
2015-10-16,10.380000,10.380000,10.040000,10.060000,9.587935,336700
2015-10-19,10.040000,10.220000,9.990000,10.040000,9.568875,284600
2015-10-20,10.020000,10.140000,10.000000,10.110000,9.635589,308200
2015-10-21,10.260000,10.500000,10.100000,10.120000,9.645121,509500
2015-10-22,10.220000,10.390000,10.140000,10.210000,9.730896,249300
2015-10-23,10.290000,10.570000,10.170000,10.530000,10.035882,428800
2015-10-26,10.540000,10.590000,10.410000,10.510000,10.016819,469700
2015-10-27,10.420000,10.600000,10.360000,10.440000,9.950103,493500
2015-10-28,10.470000,10.810000,10.440000,10.800000,10.293212,478500
2015-10-29,10.640000,10.650000,10.460000,10.560000,10.064474,318600
2015-10-30,10.590000,10.670000,10.520000,10.600000,10.102598,263600
2015-11-02,10.620000,10.880000,10.620000,10.760000,10.255090,279400
2015-11-03,10.750000,10.910000,10.720000,10.860000,10.350395,197300
2015-11-04,10.880000,10.890000,10.710000,10.720000,10.216965,279500
2015-11-05,10.450000,10.820000,10.450000,10.760000,10.255090,284100
2015-11-06,10.760000,10.980000,10.340000,10.920000,10.407579,221100
2015-11-09,10.860000,10.860000,10.420000,10.800000,10.293212,320300
2015-11-10,10.760000,10.760000,10.600000,10.650000,10.150249,444200
2015-11-11,10.670000,10.960000,10.530000,10.870000,10.359927,465900
2015-11-12,10.870000,11.070000,10.840000,11.000000,10.483826,792800
2015-11-13,10.980000,11.100000,10.900000,10.990000,10.474295,491900
2015-11-16,10.940000,11.160000,10.940000,11.090000,10.569604,578600
2015-11-17,10.260000,10.710000,9.570000,10.700000,10.197903,2455700
2015-11-18,10.830000,11.400000,10.400000,10.920000,10.407579,1244000
2015-11-19,10.930000,11.710000,10.550000,11.550000,11.008018,1304800
2015-11-20,11.550000,11.660000,11.240000,11.280000,10.750686,677500
2015-11-23,11.300000,11.400000,11.070000,11.130000,10.607726,623000
2015-11-24,11.070000,11.500000,11.070000,11.440000,10.903180,468800
2015-11-25,11.460000,11.610000,11.350000,11.500000,10.960364,304200
2015-11-27,11.460000,11.560000,11.440000,11.530000,10.988956,187200
2015-11-30,11.590000,11.830000,11.570000,11.810000,11.255818,355000
2015-12-01,11.850000,11.900000,11.670000,11.710000,11.160510,586600
2015-12-02,11.830000,12.120000,11.810000,11.990000,11.427370,754600
2015-12-03,12.050000,12.100000,11.620000,11.640000,11.093796,325700
2015-12-04,11.680000,12.010000,11.680000,11.970000,11.408310,466400
2015-12-07,11.940000,11.970000,11.130000,11.210000,10.683973,1326800
2015-12-08,11.070000,11.350000,10.900000,11.080000,10.560071,1074400
2015-12-09,11.080000,11.480000,11.070000,11.140000,10.617256,914000
2015-12-10,11.090000,11.290000,10.980000,11.000000,10.483826,801400
2015-12-11,11.000000,11.030000,10.680000,10.700000,10.197903,790500
2015-12-14,10.620000,10.810000,10.510000,10.710000,10.207435,900400
2015-12-15,10.770000,11.160000,10.770000,11.010000,10.493357,703900
2015-12-16,11.090000,11.100000,10.430000,10.840000,10.331333,1917800
2015-12-17,10.970000,11.380000,10.410000,11.100000,10.579135,1269600
2015-12-18,11.100000,11.490000,10.940000,11.490000,10.950833,4408100
2015-12-21,11.720000,11.870000,11.550000,11.840000,11.284409,785600
2015-12-22,11.840000,12.240000,11.710000,12.050000,11.484554,842300
2015-12-23,12.100000,12.390000,12.050000,12.180000,11.608455,617800
2015-12-24,12.130000,12.320000,12.130000,12.160000,11.589394,156900
2015-12-28,12.110000,12.150000,11.970000,12.120000,11.551270,360300
2015-12-29,12.150000,12.310000,12.100000,12.150000,11.579862,274300
2015-12-30,12.110000,12.200000,11.950000,12.040000,11.475024,331100
2015-12-31,12.040000,12.140000,11.670000,11.670000,11.122386,296000
2016-01-04,11.470000,11.560000,11.230000,11.310000,10.779278,487500
2016-01-05,11.300000,11.550000,11.240000,11.440000,10.903180,450700
2016-01-06,11.300000,11.360000,11.030000,11.060000,10.541012,643500
2016-01-07,10.810000,11.170000,10.800000,11.050000,10.531480,528200
2016-01-08,11.010000,11.120000,10.430000,10.500000,10.007288,562600
2016-01-11,10.510000,10.690000,10.300000,10.360000,9.873857,543000
2016-01-12,10.460000,10.510000,10.100000,10.210000,9.730896,496000
2016-01-13,10.200000,10.480000,9.840000,9.880000,9.416383,579000
2016-01-14,9.960000,10.190000,9.830000,10.020000,9.549812,740800
2016-01-15,9.790000,9.970000,9.710000,9.970000,9.502160,590900
2016-01-19,10.090000,10.230000,10.020000,10.100000,9.626058,762800
2016-01-20,9.990000,10.220000,9.630000,9.930000,9.464036,735000
2016-01-21,9.930000,10.050000,9.630000,9.980000,9.511688,637700
2016-01-22,10.080000,10.170000,9.980000,10.090000,9.616528,387700
2016-01-25,10.080000,10.210000,9.950000,10.050000,9.578405,429500
2016-01-26,10.060000,10.190000,9.820000,10.170000,9.692774,837000
2016-01-27,10.210000,10.340000,10.050000,10.050000,9.578405,277800
2016-01-28,10.250000,10.460000,9.890000,9.970000,9.502160,314900
2016-01-29,9.970000,10.190000,9.800000,10.120000,9.645121,734400
2016-02-01,10.070000,10.350000,9.820000,10.350000,9.864326,508800
2016-02-02,10.280000,10.420000,10.050000,10.050000,9.578405,523600
2016-02-03,10.690000,12.200000,10.560000,11.680000,11.131918,2778800
2016-02-04,11.740000,11.810000,11.410000,11.600000,11.055673,1080500
2016-02-05,11.600000,11.730000,11.420000,11.480000,10.941303,674700
2016-02-08,11.330000,11.480000,11.090000,11.310000,10.779278,741000
2016-02-09,11.210000,11.400000,11.120000,11.200000,10.674440,616300
2016-02-10,11.200000,11.350000,11.070000,11.080000,10.560071,542700
2016-02-11,10.850000,10.920000,10.590000,10.700000,10.197903,591600
2016-02-12,10.710000,10.830000,10.540000,10.690000,10.188373,629900
2016-02-16,10.800000,11.190000,10.790000,11.070000,10.550540,281500
2016-02-17,11.100000,11.500000,11.100000,11.330000,10.798341,485000
2016-02-18,11.390000,11.530000,11.140000,11.240000,10.712564,319300
2016-02-19,11.260000,11.430000,11.230000,11.310000,10.779278,215400
2016-02-22,11.430000,11.720000,11.280000,11.590000,11.046141,466500
2016-02-23,11.430000,11.670000,10.720000,11.280000,10.750686,283200
2016-02-24,11.170000,11.410000,11.050000,11.380000,10.845995,250000
2016-02-25,11.380000,11.570000,11.270000,11.560000,11.017548,272200
2016-02-26,11.580000,11.800000,11.280000,11.280000,10.750686,283800
2016-02-29,11.250000,11.530000,11.240000,11.300000,10.769748,277000
2016-03-01,11.400000,11.430000,11.180000,11.420000,10.884117,414400
2016-03-02,11.380000,11.460000,11.280000,11.290000,10.760217,383500
2016-03-03,11.240000,11.400000,11.230000,11.280000,10.750686,574400
2016-03-04,11.370000,11.380000,11.240000,11.310000,10.779278,672500
2016-03-07,11.220000,11.300000,11.030000,11.150000,10.626785,459700
2016-03-08,11.060000,11.160000,10.910000,11.090000,10.569604,483900
2016-03-09,11.160000,11.270000,10.910000,11.000000,10.483826,319500
2016-03-10,11.080000,11.080000,10.900000,11.030000,10.512418,267400
2016-03-11,11.090000,11.200000,10.830000,11.150000,10.626785,475400
2016-03-14,11.150000,11.190000,10.950000,10.970000,10.455234,378300
2016-03-15,10.880000,11.000000,10.800000,10.880000,10.369457,275600
2016-03-16,10.890000,11.000000,10.810000,10.980000,10.464764,224000
2016-03-17,10.940000,11.050000,10.800000,11.030000,10.512418,250000
2016-03-18,11.040000,11.410000,10.820000,11.350000,10.817402,449200
2016-03-21,11.350000,11.510000,10.970000,11.510000,10.969895,622100
2016-03-22,11.520000,11.520000,11.150000,11.250000,10.722095,252500
2016-03-23,11.270000,11.350000,10.950000,10.950000,10.436172,402500
2016-03-24,10.930000,10.980000,10.760000,10.970000,10.455234,291500
2016-03-28,10.960000,10.960000,10.620000,10.740000,10.236027,435600
2016-03-29,10.680000,11.180000,10.550000,10.970000,10.455234,439300
2016-03-30,11.050000,11.310000,11.050000,11.240000,10.712564,321600
2016-03-31,11.240000,11.450000,11.220000,11.320000,10.788810,254200
2016-04-01,11.230000,11.330000,11.130000,11.250000,10.722095,210900
2016-04-04,11.250000,11.300000,11.000000,11.200000,10.674440,277600
2016-04-05,11.080000,11.080000,10.800000,10.830000,10.321803,283900
2016-04-06,10.810000,11.120000,10.740000,11.060000,10.541012,497900
2016-04-07,10.970000,11.040000,10.840000,10.950000,10.436172,557900
2016-04-08,11.070000,11.210000,11.060000,11.140000,10.617256,277100
2016-04-11,11.150000,11.350000,11.070000,11.070000,10.550540,230500
2016-04-12,11.120000,11.210000,10.960000,11.140000,10.617256,181100
2016-04-13,11.150000,11.320000,11.110000,11.320000,10.788810,281100
2016-04-14,11.280000,11.330000,11.160000,11.310000,10.779278,174900
2016-04-15,11.290000,11.420000,11.230000,11.270000,10.741157,164100
2016-04-18,11.270000,11.340000,11.180000,11.180000,10.655379,141000
2016-04-19,11.230000,11.260000,11.100000,11.120000,10.598194,223500
2016-04-20,11.120000,11.200000,10.900000,11.020000,10.502889,308500
2016-04-21,11.000000,11.100000,10.900000,11.040000,10.521949,215800
2016-04-22,11.000000,11.240000,11.000000,11.140000,10.617256,614900
2016-04-25,11.140000,11.270000,11.000000,11.050000,10.531480,201200
2016-04-26,11.140000,11.200000,10.990000,11.070000,10.550540,163600
2016-04-27,11.030000,11.180000,10.950000,11.170000,10.645849,222300
2016-04-28,11.080000,11.170000,10.940000,11.020000,10.502889,224500
2016-04-29,10.970000,11.070000,10.640000,10.720000,10.216965,332600
2016-05-02,10.720000,10.980000,10.620000,10.790000,10.283681,425700
2016-05-03,10.830000,11.170000,10.630000,11.160000,10.636318,693500
2016-05-04,12.200000,12.300000,11.210000,11.340000,10.807873,982100
2016-05-05,11.420000,11.790000,11.420000,11.590000,11.046141,523700
2016-05-06,11.520000,11.630000,11.050000,11.310000,10.779278,463300
2016-05-09,11.350000,11.470000,11.250000,11.310000,10.779278,291500
2016-05-10,11.330000,11.600000,11.300000,11.510000,10.969895,310500
2016-05-11,11.470000,11.580000,11.420000,11.480000,10.941303,196700
2016-05-12,11.520000,11.560000,11.190000,11.250000,10.722095,265800
2016-05-13,11.260000,11.380000,11.200000,11.230000,10.703033,209900
2016-05-16,11.300000,11.460000,11.210000,11.330000,10.798341,168000
2016-05-17,11.320000,11.450000,11.150000,11.190000,10.664909,254200
2016-05-18,11.190000,11.400000,11.180000,11.310000,10.779278,269500
2016-05-19,11.270000,11.330000,11.160000,11.250000,10.722095,210800
2016-05-20,11.350000,11.710000,11.180000,11.620000,11.074733,300200
2016-05-23,11.660000,12.060000,11.530000,11.880000,11.322532,333900
2016-05-24,11.910000,12.250000,11.810000,12.230000,11.656109,334000
2016-05-25,12.260000,12.340000,12.040000,12.200000,11.627515,293300
2016-05-26,12.250000,12.410000,12.180000,12.230000,11.656109,201200
2016-05-27,12.280000,12.550000,12.250000,12.460000,11.875317,409100
2016-05-31,12.520000,12.550000,12.400000,12.490000,11.903908,396400
2016-06-01,12.520000,12.620000,12.430000,12.540000,11.951563,660400
2016-06-02,12.500000,12.980000,12.480000,12.700000,12.104053,655500
2016-06-03,12.680000,12.720000,12.450000,12.450000,11.865784,244100
2016-06-06,12.520000,12.520000,12.170000,12.400000,11.818130,278800
2016-06-07,12.430000,12.600000,12.360000,12.420000,11.837193,203300
2016-06-08,12.450000,12.600000,12.410000,12.530000,11.942033,361400
2016-06-09,12.450000,12.520000,12.330000,12.410000,11.827662,242600
2016-06-10,12.260000,12.440000,12.230000,12.250000,11.675169,283300
2016-06-13,12.240000,12.330000,12.140000,12.170000,11.598924,161900
2016-06-14,12.150000,12.230000,12.050000,12.090000,11.522679,448600
2016-06-15,12.130000,12.200000,12.050000,12.050000,11.484554,193600
2016-06-16,12.050000,12.090000,11.900000,12.040000,11.475024,333500
2016-06-17,11.990000,12.090000,11.880000,12.060000,11.494085,209500
2016-06-20,12.140000,12.410000,12.090000,12.240000,11.665639,326500
2016-06-21,12.270000,12.390000,12.220000,12.310000,11.732354,224100
2016-06-22,12.280000,12.410000,12.240000,12.280000,11.703762,151200
2016-06-23,12.340000,12.560000,12.340000,12.460000,11.875317,163200
2016-06-24,11.990000,12.120000,11.520000,11.950000,11.389248,193100
2016-06-27,12.090000,12.110000,11.520000,11.570000,11.027079,323300
2016-06-28,11.720000,11.760000,11.490000,11.670000,11.122386,517900
2016-06-29,11.740000,12.230000,11.700000,11.780000,11.227224,228900
2016-06-30,11.820000,12.260000,11.500000,12.170000,11.598924,342300
2016-07-01,12.100000,12.280000,11.990000,12.220000,11.646578,295300
2016-07-05,12.110000,12.310000,11.980000,12.170000,11.598924,234700
2016-07-06,12.090000,12.160000,11.840000,12.060000,11.494085,258300
2016-07-07,12.100000,12.270000,12.010000,12.040000,11.475024,154900
2016-07-08,12.130000,12.230000,11.860000,12.160000,11.589394,360500
2016-07-11,12.190000,12.430000,11.980000,12.410000,11.827662,380900
2016-07-12,12.440000,12.580000,12.410000,12.560000,11.970623,321200
2016-07-13,12.600000,12.710000,12.490000,12.570000,11.980154,416200
2016-07-14,12.700000,12.700000,12.490000,12.530000,11.942033,240700
2016-07-15,12.530000,12.630000,12.450000,12.580000,11.989685,219100
2016-07-18,12.700000,12.800000,12.530000,12.530000,11.942033,276300
2016-07-19,12.550000,12.710000,12.500000,12.500000,11.913440,283100
2016-07-20,12.520000,12.650000,12.500000,12.540000,11.951563,335100
2016-07-21,12.570000,12.650000,12.380000,12.530000,11.942033,332500
2016-07-22,12.530000,12.690000,12.350000,12.670000,12.075462,167800
2016-07-25,12.680000,12.790000,12.590000,12.650000,12.056400,132200
2016-07-26,12.650000,12.780000,12.570000,12.750000,12.151708,229600
2016-07-27,12.770000,12.920000,12.710000,12.900000,12.294668,360700
2016-07-28,12.840000,12.960000,12.670000,12.700000,12.104053,164400
2016-07-29,12.730000,12.730000,12.480000,12.560000,11.970623,297400
2016-08-01,12.580000,12.780000,12.580000,12.700000,12.104053,295600
2016-08-02,12.690000,12.780000,12.330000,12.400000,11.818130,412700
2016-08-03,11.960000,12.330000,11.500000,11.870000,11.313001,1306900
2016-08-04,11.900000,12.410000,11.900000,12.300000,11.722822,461900
2016-08-05,12.300000,12.490000,12.170000,12.450000,11.865784,412700
2016-08-08,12.480000,12.590000,12.200000,12.590000,11.999216,322200
2016-08-09,12.520000,12.650000,12.490000,12.620000,12.027808,239500
2016-08-10,12.600000,12.710000,12.280000,12.710000,12.113584,252900
2016-08-11,12.730000,12.770000,12.640000,12.750000,12.151708,215000
2016-08-12,12.750000,12.830000,12.710000,12.820000,12.218422,305100
2016-08-15,12.800000,12.920000,12.720000,12.900000,12.294668,267200
2016-08-16,12.860000,12.920000,12.780000,12.850000,12.247015,198000
2016-08-17,12.850000,12.920000,12.750000,12.890000,12.285137,188100
2016-08-18,12.860000,12.950000,12.830000,12.940000,12.332790,136700
2016-08-19,12.980000,13.000000,12.870000,12.880000,12.275608,198700
2016-08-22,12.850000,13.440000,12.740000,12.770000,12.170770,240700
2016-08-23,12.750000,12.880000,12.750000,12.860000,12.256547,370900
2016-08-24,12.850000,12.880000,12.650000,12.680000,12.084992,155500
2016-08-25,12.650000,12.720000,12.590000,12.650000,12.056400,232900
2016-08-26,12.610000,12.780000,12.490000,12.540000,11.951563,211400
2016-08-29,12.480000,12.680000,12.480000,12.560000,11.970623,180600
2016-08-30,12.540000,12.670000,12.070000,12.320000,11.741884,211300
2016-08-31,12.300000,12.370000,12.210000,12.230000,11.656109,246600
2016-09-01,12.230000,12.450000,12.230000,12.360000,11.780006,208400
2016-09-02,12.400000,12.480000,12.230000,12.470000,11.884846,432700
2016-09-06,12.470000,12.470000,12.250000,12.350000,11.770476,351000
2016-09-07,12.350000,12.560000,12.320000,12.430000,11.846725,318400
2016-09-08,12.370000,12.590000,12.290000,12.560000,11.970623,244300
2016-09-09,12.490000,12.490000,12.080000,12.090000,11.522679,254200
2016-09-12,11.290000,12.180000,11.290000,12.160000,11.589394,244000
2016-09-13,11.860000,12.150000,11.860000,11.960000,11.398777,267900
2016-09-14,11.960000,12.120000,11.850000,12.090000,11.522679,192100
2016-09-15,12.130000,12.400000,12.130000,12.380000,11.799071,247500
2016-09-16,12.300000,12.450000,12.130000,12.320000,11.741884,294100
2016-09-19,12.410000,12.520000,12.320000,12.440000,11.856255,161800
2016-09-20,12.500000,12.520000,12.380000,12.490000,11.903908,138800
2016-09-21,12.580000,12.870000,12.520000,12.860000,12.256547,285100
2016-09-22,12.860000,12.970000,12.820000,12.930000,12.323261,260300
2016-09-23,12.850000,12.910000,12.710000,12.870000,12.266077,175200
2016-09-26,12.760000,12.760000,12.550000,12.570000,11.980154,143400
2016-09-27,12.530000,12.600000,12.480000,12.590000,11.999216,163200
2016-09-28,12.620000,13.160000,12.580000,13.060000,12.447161,768200
2016-09-29,13.080000,13.100000,12.630000,12.800000,12.199361,388100
2016-09-30,12.800000,13.000000,12.700000,12.930000,12.323261,296300
2016-10-03,12.870000,12.990000,12.860000,12.960000,12.351851,214500
2016-10-04,13.000000,13.200000,12.870000,13.100000,12.485284,223200
2016-10-05,13.140000,13.350000,13.110000,13.320000,12.694960,274300
2016-10-06,13.380000,13.400000,13.220000,13.280000,12.656837,154000
2016-10-07,13.340000,13.340000,13.210000,13.250000,12.628244,219300
2016-10-10,13.200000,13.300000,13.080000,13.150000,12.532936,245800
2016-10-11,13.110000,13.150000,12.650000,12.790000,12.189830,295400
2016-10-12,12.750000,12.940000,12.710000,12.900000,12.294668,360700
2016-10-13,12.770000,12.800000,12.640000,12.720000,12.123116,230600
2016-10-14,12.790000,13.050000,12.790000,12.980000,12.370914,189700
2016-10-17,13.010000,13.180000,12.900000,13.020000,12.409039,363700
2016-10-18,13.160000,13.160000,12.900000,12.930000,12.323261,154500
2016-10-19,12.890000,13.200000,12.810000,13.190000,12.571058,225900
2016-10-20,13.120000,13.390000,13.060000,13.300000,12.675899,325700
2016-10-21,13.320000,13.420000,13.210000,13.400000,12.771205,223000
2016-10-24,13.430000,13.720000,13.420000,13.660000,13.019005,428300
2016-10-25,13.650000,13.690000,13.470000,13.490000,12.856983,186800
2016-10-26,13.420000,13.540000,13.130000,13.440000,12.809330,161600
2016-10-27,13.560000,13.560000,13.250000,13.270000,12.647307,179300
2016-10-28,13.340000,13.420000,13.140000,13.240000,12.618713,190700
2016-10-31,13.270000,13.270000,13.070000,13.240000,12.618713,289500
2016-11-01,13.240000,13.350000,13.050000,13.220000,12.599652,224600
2016-11-02,13.250000,13.430000,13.210000,13.240000,12.618713,365500
2016-11-03,13.250000,13.320000,13.110000,13.110000,12.494814,273600
2016-11-04,13.150000,13.310000,13.080000,13.170000,12.551998,262900
2016-11-07,13.350000,13.490000,13.270000,13.380000,12.752144,314200
2016-11-08,13.330000,13.520000,13.220000,13.450000,12.818861,346600
2016-11-09,13.300000,13.870000,13.300000,13.820000,13.171498,377900
2016-11-10,13.850000,14.070000,13.690000,13.800000,13.152436,419300
2016-11-11,13.710000,14.000000,13.550000,13.940000,13.285867,229200
2016-11-14,13.980000,14.200000,13.980000,14.020000,13.362114,243800
2016-11-15,14.480000,14.900000,14.250000,14.490000,13.810058,615100
2016-11-16,14.500000,14.890000,14.460000,14.800000,14.105512,606500
2016-11-17,14.810000,15.370000,14.800000,15.330000,14.610641,728300
2016-11-18,15.330000,15.370000,14.480000,14.800000,14.105512,1030500
2016-11-21,14.980000,15.250000,14.940000,15.190000,14.477209,561000
2016-11-22,15.270000,15.630000,15.270000,15.560000,14.829848,453200
2016-11-23,15.520000,15.600000,15.240000,15.570000,14.839379,590300
2016-11-25,15.520000,15.880000,15.440000,15.670000,14.934687,196900
2016-11-28,15.700000,15.790000,15.490000,15.610000,14.877502,283000
2016-11-29,15.640000,15.950000,15.540000,15.760000,15.020463,384500
2016-11-30,15.880000,15.880000,15.390000,15.430000,14.705950,322300
2016-12-01,15.460000,15.650000,15.080000,15.130000,14.420026,725600
2016-12-02,15.080000,15.620000,15.070000,15.590000,14.858441,388700
2016-12-05,15.570000,16.049999,15.390000,16.030001,15.277795,526400
2016-12-06,16.049999,16.190001,15.800000,16.160000,15.401694,549400
2016-12-07,16.200001,16.629999,16.030001,16.540001,15.763860,705800
2016-12-08,16.480000,16.730000,16.410000,16.650000,15.868697,576200
2016-12-09,16.680000,16.879999,16.580000,16.730000,15.944942,440900
2016-12-12,16.600000,16.730000,16.160000,16.290001,15.525595,594400
2016-12-13,16.299999,16.400000,16.219999,16.230000,15.468409,508900
2016-12-14,16.219999,16.360001,16.040001,16.080000,15.325447,315900
2016-12-15,16.010000,16.350000,15.800000,16.150000,15.392162,473900
2016-12-16,16.280001,16.450001,16.070000,16.100000,15.344508,1116100
2016-12-19,16.100000,16.340000,15.910000,16.290001,15.525595,344400
2016-12-20,16.299999,16.389999,16.260000,16.340000,15.573246,172100
2016-12-21,16.309999,16.450001,16.180000,16.240000,15.477938,233300
2016-12-22,16.250000,16.250000,16.020000,16.049999,15.296854,208600
2016-12-23,16.000000,16.180000,16.000000,16.180000,15.420755,120000
2016-12-27,16.209999,16.370001,16.139999,16.250000,15.487471,96100
2016-12-28,16.270000,16.309999,15.950000,15.970000,15.220609,172100
2016-12-29,15.950000,16.190001,15.870000,15.950000,15.201548,153900
2016-12-30,15.980000,15.990000,15.840000,15.950000,15.201548,188800
2017-01-03,16.000000,16.469999,15.950000,16.260000,15.497000,288200
2017-01-04,16.340000,16.500000,16.270000,16.360001,15.592310,234500
2017-01-05,16.309999,16.430000,16.139999,16.250000,15.487471,432900
2017-01-06,16.290001,16.450001,16.139999,16.290001,15.525595,258700
2017-01-09,16.230000,16.530001,16.170000,16.280001,15.516063,278400
2017-01-10,16.260000,16.549999,16.260000,16.469999,15.697148,285300
2017-01-11,16.459999,16.840000,16.389999,16.830000,16.040251,437300
2017-01-12,16.730000,16.889999,16.469999,16.809999,16.021191,362600
2017-01-13,16.830000,17.209999,16.750000,17.059999,16.259462,342300
2017-01-17,17.000000,17.180000,16.760000,16.959999,16.164154,400200
2017-01-18,16.980000,17.379999,16.950001,17.120001,16.316648,421100
2017-01-19,17.129999,17.299999,17.000000,17.100000,16.297585,313800
2017-01-20,17.200001,17.200001,16.900000,17.010000,16.211807,377500
2017-01-23,17.000000,17.180000,16.980000,17.030001,16.230867,293000
2017-01-24,17.049999,17.320000,17.049999,17.309999,16.497728,228700
2017-01-25,17.440001,18.120001,17.420000,17.790001,16.955206,1232100
2017-01-26,17.920000,18.000000,17.480000,17.740000,16.907555,511600
2017-01-27,17.850000,18.020000,17.730000,17.920000,17.079103,445700
2017-01-30,17.760000,17.820000,17.330000,17.680000,16.850367,439900
2017-01-31,17.590000,17.780001,17.290001,17.580000,16.755062,535900
2017-02-01,17.709999,17.889999,17.290001,17.530001,16.707407,627300
2017-02-02,18.950001,19.600000,18.549999,19.219999,18.318104,2301500
2017-02-03,19.430000,19.760000,19.120001,19.400000,18.489656,1145200
2017-02-06,19.840000,19.990000,19.360001,19.990000,19.051970,921300
2017-02-07,20.000000,20.780001,19.799999,20.490000,19.528507,1206600
2017-02-08,20.410000,20.469999,19.980000,20.170000,19.223524,1283000
2017-02-09,20.299999,20.590000,20.129999,20.520000,19.557100,709300
2017-02-10,20.500000,20.549999,20.059999,20.090000,19.147278,649300
2017-02-13,20.299999,20.430000,20.190001,20.299999,19.347425,575200
2017-02-14,20.299999,20.400000,19.910000,20.190001,19.242588,573400
2017-02-15,20.180000,20.450001,19.990000,20.420000,19.461792,436800
2017-02-16,20.450001,20.500000,20.110001,20.420000,19.461792,530600
2017-02-17,20.260000,20.700001,20.100000,20.540001,19.576166,510000
2017-02-21,20.610001,21.230000,20.600000,21.020000,20.033638,553400
2017-02-22,21.030001,21.080000,20.809999,20.870001,19.890678,525600
2017-02-23,20.860001,20.950001,20.410000,20.590000,19.623814,373500
2017-02-24,20.440001,20.799999,20.070000,20.740000,19.766775,395300
2017-02-27,20.740000,20.900000,20.430000,20.670000,19.700060,547200
2017-02-28,20.670000,20.670000,20.270000,20.469999,19.509445,579000
2017-03-01,20.670000,20.870001,20.459999,20.860001,19.881149,444000
2017-03-02,20.799999,20.920000,20.549999,20.680000,19.709593,282500
2017-03-03,20.670000,20.740000,20.260000,20.389999,19.433201,288100
2017-03-06,20.379999,20.680000,20.080000,20.190001,19.242588,425800
2017-03-07,20.170000,20.510000,20.100000,20.430000,19.471325,743300
2017-03-08,20.459999,20.559999,20.170000,20.219999,19.271177,658500
2017-03-09,20.139999,20.340000,19.820000,20.180000,19.233055,276500
2017-03-10,20.250000,20.490000,20.170000,20.290001,19.337893,211500
2017-03-13,20.260000,20.379999,20.160000,20.379999,19.423670,414300
2017-03-14,20.299999,20.299999,20.030001,20.230000,19.280708,296400
2017-03-15,20.280001,20.520000,20.020000,20.469999,19.509445,502900
2017-03-16,20.520000,20.600000,20.299999,20.459999,19.499912,328700
2017-03-17,20.530001,20.670000,20.420000,20.620001,19.652411,644600
2017-03-20,20.650000,21.000000,20.650000,20.730000,19.757248,515800
2017-03-21,20.850000,20.950001,20.120001,20.340000,19.385548,594600
2017-03-22,20.330000,20.459999,19.830000,20.240000,19.290241,348600
2017-03-23,20.209999,20.330000,20.120001,20.250000,19.299772,489200
2017-03-24,20.290001,20.500000,20.150000,20.280001,19.328360,373900
2017-03-27,20.059999,20.250000,19.740000,20.200001,19.252115,276000
2017-03-28,20.219999,20.430000,20.190001,20.420000,19.461792,700000
2017-03-29,20.340000,20.340000,20.010000,20.150000,19.204462,243100
2017-03-30,20.160000,20.379999,20.160000,20.350000,19.395079,293400
2017-03-31,20.309999,20.360001,20.260000,20.320000,19.366486,429200
2017-04-03,20.250000,20.450001,19.900000,19.930000,18.994787,489900
2017-04-04,19.930000,20.280001,19.930000,20.059999,19.118683,501800
2017-04-05,20.110001,20.200001,19.540001,19.660000,18.737459,470300
2017-04-06,19.639999,19.760000,18.950001,19.600000,18.680273,710800
2017-04-07,19.559999,19.750000,19.520000,19.660000,18.737459,375000
2017-04-10,19.610001,19.969999,19.580000,19.629999,18.708860,526300
2017-04-11,19.549999,19.809999,19.389999,19.809999,18.880419,422900
2017-04-12,19.799999,19.840000,19.520000,19.600000,18.680273,342100
2017-04-13,19.549999,19.740000,19.330000,19.360001,18.451536,260200
2017-04-17,19.459999,19.709999,19.450001,19.700001,18.775581,330600
2017-04-18,19.660000,19.799999,19.430000,19.790001,18.861361,325700
2017-04-19,19.920000,20.150000,19.860001,20.129999,19.185400,521600
2017-04-20,20.250000,20.690001,20.250000,20.600000,19.633347,421600
2017-04-21,20.540001,20.740000,20.340000,20.639999,19.671471,379400
2017-04-24,20.940001,21.059999,20.690001,20.969999,19.985983,401500
2017-04-25,21.180000,22.190001,21.180000,21.920000,20.891405,787900
2017-04-26,21.910000,22.100000,21.639999,21.930000,20.900936,543000
2017-04-27,22.070000,22.770000,21.930000,22.719999,21.653864,683000
2017-04-28,22.700001,22.799999,22.219999,22.320000,21.272636,565400
2017-05-01,22.490000,22.969999,22.309999,22.950001,21.873074,587200
2017-05-02,23.000000,23.000000,21.920000,22.280001,21.234512,884400
2017-05-03,21.930000,22.309999,20.240000,20.850000,19.871614,1658800
2017-05-04,21.000000,22.280001,20.940001,21.959999,20.929527,1926200
2017-05-05,22.010000,22.100000,21.280001,21.430000,20.424402,714700
2017-05-08,21.700001,21.780001,21.059999,21.090000,20.100355,749200
2017-05-09,21.120001,21.379999,21.100000,21.299999,20.300499,555400
2017-05-10,21.379999,21.469999,21.190001,21.370001,20.367218,449600
2017-05-11,21.299999,21.500000,21.150000,21.459999,20.452991,399100
2017-05-12,21.400000,21.490000,21.209999,21.420000,20.414869,277900
2017-05-15,21.410000,21.629999,21.389999,21.510000,20.500645,450000
2017-05-16,21.600000,21.780001,21.469999,21.719999,20.700790,475100
2017-05-17,21.450001,21.500000,20.950001,20.969999,19.985983,670800
2017-05-18,20.879999,21.330000,20.559999,21.219999,20.224253,701700
2017-05-19,21.270000,21.549999,21.250000,21.350000,20.348154,782700
2017-05-22,21.510000,21.670000,21.320000,21.610001,20.595957,332100
2017-05-23,21.610001,21.610001,21.270000,21.540001,20.529238,488100
2017-05-24,21.670000,21.910000,21.530001,21.820000,20.796099,405800
2017-05-25,21.889999,22.500000,21.850000,22.379999,21.329819,921100
2017-05-26,22.420000,22.610001,22.309999,22.459999,21.406067,579200
2017-05-30,22.410000,22.690001,22.410000,22.570000,21.510904,550300
2017-05-31,22.629999,22.750000,22.049999,22.150000,21.110611,477600
2017-06-01,22.270000,22.510000,22.020000,22.459999,21.406067,546600
2017-06-02,22.530001,22.590000,22.389999,22.450001,21.396536,649300
2017-06-05,22.309999,22.590000,22.309999,22.440001,21.387005,300400
2017-06-06,22.260000,22.549999,22.260000,22.430000,21.377472,368600
2017-06-07,22.440001,22.709999,22.440001,22.629999,21.568089,718000
2017-06-08,22.639999,22.709999,22.530001,22.709999,21.644333,415100
2017-06-09,22.799999,22.959999,21.379999,21.750000,20.729382,534600
2017-06-12,21.520000,21.639999,20.980000,21.139999,20.148010,638400
2017-06-13,21.320000,21.480000,21.090000,21.250000,20.252844,573400
2017-06-14,21.219999,21.290001,20.400000,20.730000,19.757248,427000
2017-06-15,20.400000,20.680000,20.360001,20.400000,19.442732,370300
2017-06-16,20.459999,20.600000,20.400000,20.530001,19.566633,398200
2017-06-19,20.700001,21.070000,20.700001,20.959999,19.976452,348500
2017-06-20,20.930000,21.139999,20.530001,20.530001,19.566633,276600
2017-06-21,20.660000,20.750000,20.440001,20.510000,19.547569,381100
2017-06-22,20.450001,20.469999,20.240000,20.290001,19.337893,328600
2017-06-23,20.200001,20.600000,20.129999,20.309999,19.356955,414400
2017-06-26,20.430000,20.670000,19.820000,19.990000,19.051970,759400
2017-06-27,19.950001,19.980000,19.440001,19.490000,18.575436,658900
2017-06-28,19.680000,20.299999,19.360001,20.020000,19.080564,1040700
2017-06-29,20.290001,20.309999,18.950001,19.160000,18.260921,946200
2017-06-30,19.129999,19.299999,18.799999,19.020000,18.127489,758800
2017-07-03,19.160000,19.270000,18.820000,18.820000,17.936874,273200
2017-07-05,19.000000,19.379999,18.910000,19.200001,18.299042,894500
2017-07-06,18.959999,19.370001,18.840000,19.059999,18.165611,579800
2017-07-07,19.209999,20.010000,19.209999,19.969999,19.032909,1065100
2017-07-10,20.030001,20.190001,19.750000,20.139999,19.194931,1108800
2017-07-11,20.190001,21.170000,20.190001,21.080000,20.090822,2067700
2017-07-12,21.260000,22.000000,21.010000,21.930000,20.900936,1658900
2017-07-13,21.840000,22.100000,21.510000,21.809999,20.786566,1017200
2017-07-14,21.830000,22.240000,21.750000,22.230000,21.186859,507300
2017-07-17,22.320000,22.549999,22.049999,22.510000,21.453718,482500
2017-07-18,22.379999,22.520000,22.070000,22.330000,21.282166,588700
2017-07-19,22.469999,22.510000,22.260000,22.500000,21.444189,425200
2017-07-20,22.570000,22.570000,22.180000,22.530001,21.472784,349600
2017-07-21,22.370001,22.370001,22.049999,22.110001,21.072493,450700
2017-07-24,22.129999,22.320000,21.990000,22.270000,21.224981,291000
2017-07-25,22.309999,22.670000,22.059999,22.530001,21.472784,383300
2017-07-26,22.639999,22.709999,22.440001,22.559999,21.501371,291000
2017-07-27,22.580000,22.700001,21.500000,21.940001,20.910467,635700
2017-07-28,21.799999,21.950001,21.400000,21.510000,20.500645,369600
2017-07-31,21.549999,21.590000,21.309999,21.540001,20.529238,435000
2017-08-01,21.540001,22.559999,21.379999,21.719999,20.700790,499800
2017-08-02,21.719999,21.719999,18.900000,19.110001,18.213264,1418500
2017-08-03,19.230000,19.700001,19.000000,19.059999,18.165611,796700
2017-08-04,19.030001,19.860001,18.730000,19.410000,18.499187,879100
2017-08-07,19.500000,20.350000,19.420000,20.260000,19.309299,821100
2017-08-08,20.139999,20.389999,19.870001,20.059999,19.118683,546000
2017-08-09,19.680000,19.750000,19.309999,19.530001,18.613558,562200
2017-08-10,19.410000,19.480000,18.920000,18.920000,18.032183,348100
2017-08-11,18.920000,19.260000,18.910000,19.160000,18.260921,375000
2017-08-14,19.459999,19.680000,19.139999,19.180000,18.279980,550700
2017-08-15,19.299999,19.730000,18.910000,18.930000,18.041712,466300
2017-08-16,19.040001,19.360001,18.870001,19.190001,18.289515,579200
2017-08-17,19.120001,19.230000,18.590000,18.620001,17.746260,366300
2017-08-18,18.639999,18.930000,18.629999,18.900000,18.013121,711200
2017-08-21,18.959999,19.139999,18.520000,18.570000,17.698603,339600
2017-08-22,18.680000,18.950001,18.600000,18.870001,17.984526,284700
2017-08-23,18.680000,18.820000,18.480000,18.510000,17.641418,359400
2017-08-24,18.590000,18.719999,18.410000,18.590000,17.717665,308500
2017-08-25,18.700001,19.040001,18.540001,18.629999,17.755789,303200
2017-08-28,18.670000,18.870001,18.530001,18.620001,17.746260,431700
2017-08-29,18.320000,18.910000,18.219999,18.889999,18.003590,463400
2017-08-30,18.969999,19.290001,18.889999,19.230000,18.327635,212100
2017-08-31,19.299999,19.340000,19.000000,19.030001,18.137020,307300
2017-09-01,19.139999,19.370001,19.120001,19.280001,18.375288,314000
2017-09-05,19.160000,19.240000,18.879999,19.049999,18.156084,286400
2017-09-06,19.170000,19.170000,18.879999,19.010000,18.117958,250800
2017-09-07,19.010000,19.150000,18.840000,18.870001,17.984526,274300
2017-09-08,18.860001,18.959999,18.430000,18.480000,17.612829,422000
2017-09-11,18.629999,18.889999,18.510000,18.570000,17.698603,807900
2017-09-12,18.690001,19.320000,18.629999,19.160000,18.260921,373500
2017-09-13,19.139999,19.309999,18.990000,19.020000,18.127489,343500
2017-09-14,19.020000,19.290001,18.860001,19.129999,18.232328,327000
2017-09-15,19.139999,19.590000,19.110001,19.590000,18.670742,335500
2017-09-18,19.700001,20.090000,19.700001,20.000000,19.061501,416100
2017-09-19,19.990000,20.150000,19.799999,19.900000,18.966192,740600
2017-09-20,20.020000,20.020000,19.549999,19.770000,18.842293,307800
2017-09-21,19.799999,19.900000,19.379999,19.450001,18.537312,369400
2017-09-22,19.340000,20.290001,19.340000,20.170000,19.223524,365600
2017-09-25,20.150000,20.150000,19.690001,20.070000,19.128216,496500
2017-09-26,20.190001,20.430000,20.049999,20.270000,19.318830,646000
2017-09-27,20.420000,21.150000,20.420000,20.990000,20.005047,479100
2017-09-28,20.950001,21.590000,20.900000,21.580000,20.567362,518300
2017-09-29,21.559999,21.750000,20.469999,21.570000,20.557831,496900
2017-10-02,21.510000,22.090000,21.440001,21.980000,20.948589,583400
2017-10-03,21.940001,22.040001,21.610001,22.000000,20.967651,451500
2017-10-04,21.990000,22.080000,21.799999,21.940001,20.910467,357500
2017-10-05,22.000000,22.139999,21.879999,22.030001,20.996244,331700
2017-10-06,22.010000,22.250000,21.870001,21.959999,20.929527,381300
2017-10-09,21.969999,22.230000,21.870001,21.930000,20.900936,215200
2017-10-10,22.049999,22.049999,21.520000,21.790001,20.767508,452000
2017-10-11,21.750000,22.090000,21.690001,21.900000,20.872345,275000
2017-10-12,21.850000,22.170000,21.850000,21.959999,20.929527,261700
2017-10-13,22.120001,22.150000,21.900000,22.030001,20.996244,212000
2017-10-16,22.030001,22.139999,21.860001,21.969999,20.939058,240300
2017-10-17,21.959999,22.160000,21.610001,22.150000,21.110611,196900
2017-10-18,22.170000,22.370001,22.020000,22.299999,21.253571,294700
2017-10-19,22.090000,22.170000,21.450001,22.100000,21.062960,273500
2017-10-20,22.280001,22.500000,21.940001,22.049999,21.015303,315400
2017-10-23,22.200001,22.290001,21.969999,22.010000,20.977184,166900
2017-10-24,22.040001,22.160000,21.830000,21.980000,20.948589,266600
2017-10-25,21.910000,21.950001,21.459999,21.799999,20.777040,202600
2017-10-26,21.889999,22.299999,21.510000,22.230000,21.186859,232100
2017-10-27,22.420000,22.540001,21.959999,22.309999,21.263109,226200
2017-10-30,22.209999,22.520000,22.110001,22.490000,21.434658,337100
2017-10-31,22.510000,22.730000,22.330000,22.650000,21.587149,341600
2017-11-01,22.719999,22.850000,21.959999,22.320000,21.272636,464600
2017-11-02,22.309999,22.500000,22.200001,22.420000,21.367947,167200
2017-11-03,22.469999,22.790001,22.469999,22.770000,21.701521,327000
2017-11-06,22.799999,23.709999,22.719999,23.629999,22.521160,620800
2017-11-07,23.670000,23.820000,23.430000,23.500000,22.397266,427400
2017-11-08,23.469999,24.559999,23.400000,24.490000,23.340809,620000
2017-11-09,24.320000,24.320000,23.340000,23.520000,22.416325,613000
2017-11-10,23.480000,23.629999,23.290001,23.610001,22.502104,261500
2017-11-13,23.459999,23.930000,23.299999,23.690001,22.578350,980700
2017-11-14,26.230000,28.709999,26.230000,28.520000,27.181704,3460700
2017-11-15,28.400000,28.400000,25.420000,25.770000,24.560745,1919800
2017-11-16,26.040001,27.010000,25.940001,26.850000,25.590069,1029100
2017-11-17,26.840000,27.629999,26.650000,26.799999,25.542410,883500
2017-11-20,26.809999,26.889999,26.170000,26.799999,25.542410,784900
2017-11-21,27.129999,28.110001,27.070000,27.930000,26.619389,612700
2017-11-22,28.020000,28.139999,27.080000,27.559999,26.266748,749600
2017-11-24,27.590000,27.920000,27.430000,27.870001,26.562202,739900
2017-11-27,27.500000,27.510000,26.180000,26.580000,25.332735,780300
2017-11-28,26.670000,26.750000,26.139999,26.459999,25.218367,1480900
2017-11-29,26.400000,26.459999,24.879999,25.219999,24.036552,683200
2017-11-30,25.490000,25.510000,24.730000,24.830000,23.664856,649900
2017-12-01,24.840000,24.850000,23.670000,24.080000,22.950048,1135000
2017-12-04,24.309999,24.549999,23.430000,23.719999,22.606941,670500
2017-12-05,23.770000,24.600000,23.590000,24.000000,22.873800,557400
2017-12-06,23.840000,24.250000,23.820000,23.990000,22.864273,274700
2017-12-07,24.139999,24.740000,24.139999,24.360001,23.216909,336200
2017-12-08,24.360001,24.650000,24.080000,24.139999,23.007233,274600
2017-12-11,24.150000,24.480000,23.910000,24.309999,23.169254,288800
2017-12-12,23.959999,24.420000,23.959999,24.000000,22.873800,286600
2017-12-13,24.120001,24.420000,23.959999,24.120001,22.988171,289700
2017-12-14,24.209999,24.680000,24.170000,24.330000,23.188316,308000
2017-12-15,24.500000,25.049999,24.299999,24.650000,23.493303,1400600
2017-12-18,24.799999,25.410000,24.799999,25.020000,23.845940,254200
2017-12-19,25.020000,25.309999,24.629999,24.730000,23.569546,305700
2017-12-20,24.549999,24.920000,23.910000,24.650000,23.493303,252700
2017-12-21,24.750000,24.750000,24.139999,24.350000,23.207380,269400
2017-12-22,24.320000,24.530001,24.000000,24.340000,23.197847,160900
2017-12-26,24.180000,24.180000,23.770000,23.980000,22.854740,172800
2017-12-27,24.020000,24.209999,23.920000,24.040001,22.911926,146400
2017-12-28,24.160000,24.270000,24.040001,24.180000,23.045359,193800
2017-12-29,24.330000,24.690001,24.280001,24.340000,23.197847,326700
2018-01-02,24.469999,24.670000,24.350000,24.469999,23.321747,443700
2018-01-03,24.530001,25.129999,24.490000,25.030001,23.855471,276400
2018-01-04,25.360001,25.660000,24.980000,25.250000,24.065147,789900
2018-01-05,25.299999,25.870001,25.160000,25.709999,24.503559,299100
2018-01-08,25.780001,25.940001,25.350000,25.690001,24.484497,344200
2018-01-09,25.700001,25.740000,24.910000,25.129999,23.950777,618900
2018-01-10,24.930000,25.010000,24.340000,24.690001,23.531425,669100
2018-01-11,24.820000,25.070000,24.730000,24.920000,23.750633,630600
2018-01-12,24.920000,25.150000,24.660000,24.730000,23.569546,379400
2018-01-16,25.000000,25.129999,24.530001,24.840000,23.674387,334000
2018-01-17,25.129999,25.860001,25.090000,25.700001,24.494030,388000
2018-01-18,25.719999,25.969999,25.290001,25.500000,24.303415,292600
2018-01-19,25.600000,25.650000,25.200001,25.610001,24.408255,265500
2018-01-22,25.540001,25.610001,25.280001,25.490000,24.293884,213300
2018-01-23,25.459999,25.610001,25.340000,25.510000,24.312948,168200
2018-01-24,25.469999,25.469999,24.520000,24.709999,23.550482,306300
2018-01-25,25.010000,25.100000,23.830000,24.000000,22.873800,1301700
2018-01-26,24.250000,25.049999,24.030001,24.790001,23.626732,431500
2018-01-29,24.709999,24.709999,24.200001,24.469999,23.321747,404300
2018-01-30,24.129999,24.280001,23.110001,23.280001,22.187592,1218800
2018-01-31,23.809999,23.900000,22.610001,23.010000,21.930260,1221300
2018-02-01,23.200001,23.650000,22.400000,23.379999,22.282896,1362700
2018-02-02,23.120001,23.190001,21.860001,21.969999,20.939058,1226000
2018-02-05,21.719999,22.410000,21.139999,21.150000,20.157539,1101700
2018-02-06,21.200001,22.920000,20.650000,22.750000,21.682457,1388300
2018-02-07,22.420000,22.610001,21.680000,21.770000,20.748444,764800
2018-02-08,21.870001,22.190001,20.900000,21.120001,20.128948,889400
2018-02-09,21.480000,21.799999,20.719999,21.389999,20.386276,727100
2018-02-12,21.510000,21.889999,21.370001,21.530001,20.519705,1180200
2018-02-13,21.389999,21.400000,20.770000,21.049999,20.062231,940800
2018-02-14,20.969999,21.969999,20.959999,21.900000,20.872345,1013800
2018-02-15,22.100000,22.320000,21.469999,22.290001,21.244041,392300
2018-02-16,22.219999,22.410000,22.000000,22.020000,20.986713,317400
2018-02-20,22.020000,23.340000,22.020000,23.100000,22.016037,686900
2018-02-21,23.160000,23.530001,22.780001,22.790001,21.720583,405300
2018-02-22,22.840000,22.980000,22.200001,22.760000,21.691990,506700
2018-02-23,22.730000,22.809999,22.100000,22.790001,21.720583,428000
2018-02-26,22.950001,23.469999,22.950001,23.389999,22.292429,717300
2018-02-27,23.459999,23.809999,23.350000,23.570000,22.463980,1322800
2018-02-28,23.760000,23.799999,23.230000,23.299999,22.206652,483400
2018-03-01,23.360001,23.420000,22.459999,22.799999,21.730112,540800
2018-03-02,22.600000,23.000000,21.980000,22.969999,21.892134,398300
2018-03-05,22.969999,23.000000,22.620001,22.930000,21.854012,375000
2018-03-06,22.959999,23.510000,22.820000,23.350000,22.254301,424900
2018-03-07,23.270000,24.580000,23.090000,24.459999,23.312218,1083500
2018-03-08,24.690001,24.969999,24.250000,24.650000,23.493303,521000
2018-03-09,24.670000,25.389999,24.580000,24.950001,23.779226,548500
2018-03-12,25.020000,25.700001,25.020000,25.570000,24.370132,897700
2018-03-13,25.790001,25.950001,25.440001,25.450001,24.255760,857100
2018-03-14,25.690001,25.840000,25.370001,25.570000,24.370132,543500
2018-03-15,25.580000,25.740000,25.200001,25.350000,24.160458,397100
2018-03-16,25.420000,25.780001,25.280001,25.719999,24.513094,748300
2018-03-19,25.510000,25.959999,25.070000,25.530001,24.332008,465900
2018-03-20,25.490000,25.980000,25.360001,25.820000,24.608398,454900
2018-03-21,25.850000,26.980000,25.850000,26.850000,25.590069,826900
2018-03-22,26.650000,26.740000,25.969999,26.360001,25.123060,926000
2018-03-23,26.000000,26.250000,25.020000,25.059999,23.884066,1062900
2018-03-26,25.400000,25.790001,25.100000,25.760000,24.551216,334000
2018-03-27,25.980000,26.139999,24.400000,24.570000,23.417053,401300
2018-03-28,24.530001,24.809999,23.690001,24.290001,23.150194,579700
2018-03-29,24.370001,25.240000,24.230000,25.010000,23.836409,380700
2018-04-02,24.879999,25.000000,24.059999,24.440001,23.293156,660900
2018-04-03,24.590000,24.920000,24.110001,24.570000,23.417053,543600
2018-04-04,23.950001,25.049999,23.920000,24.959999,23.788752,478700
2018-04-05,25.250000,25.340000,24.469999,24.660000,23.502831,450100
2018-04-06,24.440001,24.850000,24.110001,24.469999,23.321747,688900
2018-04-09,24.650000,25.129999,24.330000,24.340000,23.197847,444900
2018-04-10,24.910000,25.530001,24.730000,25.330000,24.141392,538900
2018-04-11,25.150000,25.590000,25.100000,25.280001,24.093739,315900
2018-04-12,25.459999,25.980000,25.370001,25.700001,24.494030,345400
2018-04-13,25.860001,26.139999,25.360001,25.900000,24.684643,278800
2018-04-16,26.000000,26.150000,25.740000,26.000000,24.779953,241200
2018-04-17,26.090000,26.420000,26.049999,26.299999,25.065872,333200
2018-04-18,26.190001,26.190001,25.440001,25.910000,24.694176,466000
2018-04-19,25.629999,25.629999,24.219999,24.290001,23.150194,689100
2018-04-20,24.270000,24.910000,24.270000,24.570000,23.417053,715300
2018-04-23,24.670000,24.670000,24.150000,24.290001,23.150194,383100
2018-04-24,24.379999,24.400000,23.430000,23.760000,22.645063,1163600
2018-04-25,23.870001,23.879999,23.120001,23.490000,22.387733,748700
2018-04-26,23.670000,23.980000,23.420000,23.700001,22.587883,1334800
2018-04-27,23.900000,24.049999,23.420000,23.520000,22.416325,736800
2018-04-30,23.520000,23.520000,22.700001,22.889999,21.815887,1140900
2018-05-01,22.740000,23.260000,22.580000,23.240000,22.149466,797700
2018-05-02,23.250000,23.500000,22.790001,23.030001,21.949318,859800
2018-05-03,22.799999,23.190001,22.570000,22.990000,21.911198,761300
2018-05-04,22.809999,23.260000,22.760000,23.090000,22.006506,618600
2018-05-07,23.190001,23.350000,22.959999,23.040001,21.958849,689200
2018-05-08,22.799999,23.320000,22.799999,23.170000,22.082750,799800
2018-05-09,23.150000,23.549999,23.000000,23.290001,22.197123,556700
2018-05-10,23.389999,23.840000,23.360001,23.790001,22.673658,727000
2018-05-11,23.719999,23.889999,21.580000,21.990000,20.958122,2280900
2018-05-14,21.900000,23.120001,21.780001,22.719999,21.653864,1468200
2018-05-15,22.610001,22.740000,22.049999,22.299999,21.253571,820000
2018-05-16,22.290001,22.980000,22.280001,22.750000,21.682457,678000
2018-05-17,22.620001,22.900000,22.530001,22.830000,21.758707,853000
2018-05-18,22.570000,22.610001,21.870001,21.980000,20.948589,831700
2018-05-21,22.000000,22.520000,21.790001,22.190001,21.148735,790500
2018-05-22,22.389999,22.930000,22.260000,22.450001,21.396536,510700
2018-05-23,22.330000,22.480000,22.049999,22.230000,21.186859,423600
2018-05-24,22.160000,22.309999,22.040001,22.160000,21.120142,367100
2018-05-25,22.260000,22.770000,22.250000,22.549999,21.491844,690500
2018-05-29,22.350000,22.920000,22.350000,22.889999,21.815887,662500
2018-05-30,23.059999,23.370001,22.809999,22.910000,21.834953,1411100
2018-05-31,23.500000,24.690001,23.500000,24.080000,22.950048,1769100
2018-06-01,24.200001,24.240000,23.580000,23.730000,22.616472,1207300
2018-06-04,23.670000,23.950001,23.270000,23.660000,22.549757,751500
2018-06-05,23.650000,23.940001,23.010000,23.620001,22.511637,771300
2018-06-06,23.620001,24.100000,23.459999,24.049999,22.921455,633300
2018-06-07,24.010000,24.459999,23.500000,23.680000,22.568817,1145800
2018-06-08,23.580000,23.830000,23.059999,23.629999,22.521160,670300
2018-06-11,23.660000,23.920000,23.230000,23.450001,22.349611,452500
2018-06-12,23.379999,23.770000,23.270000,23.709999,22.597410,464100
2018-06-13,23.820000,24.360001,23.660000,23.760000,22.645063,643600
2018-06-14,23.879999,24.000000,23.360001,23.469999,22.368673,561700
2018-06-15,23.400000,24.070000,23.379999,24.020000,22.892864,942100
2018-06-18,23.850000,24.010000,23.620001,23.850000,22.730841,594900
2018-06-19,23.530001,23.809999,23.320000,23.570000,22.463980,665900
2018-06-20,23.629999,23.879999,23.450001,23.620001,22.511637,472000
2018-06-21,23.709999,24.170000,23.709999,24.000000,22.873800,535900
2018-06-22,24.080000,24.379999,23.870001,24.010000,22.883333,764800
2018-06-25,24.490000,24.490000,23.620001,23.910000,22.788023,1234000
2018-06-26,23.920000,24.650000,23.430000,24.270000,23.131134,1324700
2018-06-27,24.139999,24.340000,23.379999,23.389999,22.403198,905800
2018-06-28,23.400000,23.620001,23.360001,23.570000,22.575603,742500
2018-06-29,23.650000,24.100000,23.650000,23.820000,22.815054,497700
2018-07-02,23.820000,24.490000,23.360001,24.459999,23.428055,726500
2018-07-03,24.320000,24.400000,23.660000,23.660000,22.661806,482600
2018-07-05,23.969999,24.240000,23.900000,24.209999,23.188599,502400
2018-07-06,24.299999,25.240000,23.940001,25.110001,24.050631,676100
2018-07-09,25.230000,25.330000,24.750000,25.250000,24.184725,550400
2018-07-10,25.500000,26.299999,25.350000,25.920000,24.826454,810200
2018-07-11,25.950001,26.459999,25.580000,26.000000,24.903084,1488000
2018-07-12,26.280001,27.840000,26.129999,27.709999,26.540939,1528600
2018-07-13,27.709999,28.690001,27.580000,28.480000,27.278452,1654800
2018-07-16,28.459999,28.459999,27.820000,28.090000,26.904905,844900
2018-07-17,28.000000,28.230000,27.660000,28.090000,26.904905,747200
2018-07-18,28.209999,28.610001,27.879999,28.309999,27.115623,687900
2018-07-19,28.280001,28.389999,27.760000,28.030001,26.847439,669400
2018-07-20,28.059999,28.059999,27.389999,27.410000,26.253595,1010200
2018-07-23,27.410000,27.440001,26.610001,26.930000,25.793848,865600
2018-07-24,27.020000,27.100000,26.440001,26.500000,25.381987,1154900
2018-07-25,26.440001,26.500000,25.770000,26.420000,25.305365,788400
2018-07-26,26.400000,26.620001,26.000000,26.490000,25.372410,711900
2018-07-27,26.610001,27.090000,26.490000,26.889999,25.755533,783500
2018-07-30,26.969999,26.969999,26.240000,26.299999,25.190424,641800
2018-07-31,26.469999,26.709999,26.030001,26.360001,25.247896,984800
2018-08-01,26.290001,26.420000,25.430000,25.870001,24.778570,785600
2018-08-02,26.260000,26.879999,26.040001,26.830000,25.698067,1049600
2018-08-03,26.709999,26.850000,26.420000,26.520000,25.401142,673800
2018-08-06,26.309999,26.980000,26.240000,26.719999,25.592705,668400
2018-08-07,26.879999,27.420000,26.620001,27.379999,26.224859,837600
2018-08-08,27.379999,27.450001,27.020000,27.040001,25.899204,401700
2018-08-09,27.230000,27.260000,26.760000,26.920000,25.784271,516900
2018-08-10,26.709999,26.750000,26.350000,26.639999,25.516083,383800
2018-08-13,26.639999,27.090000,26.600000,26.930000,25.793848,502400
2018-08-14,27.000000,27.379999,26.990000,27.010000,25.870474,317000
2018-08-15,26.900000,26.900000,26.059999,26.370001,25.257473,494500
2018-08-16,26.600000,26.610001,26.209999,26.320000,25.209583,389900
2018-08-17,26.250000,26.250000,25.690001,25.840000,24.749832,617400
2018-08-20,25.740000,25.799999,25.170000,25.330000,24.261349,640600
2018-08-21,25.389999,25.809999,25.209999,25.770000,24.682787,363400
2018-08-22,25.700001,25.799999,25.350000,25.680000,24.596582,301300
2018-08-23,25.700001,25.910000,25.450001,25.490000,24.414598,380900
2018-08-24,25.690001,25.830000,25.530001,25.620001,24.539114,365900
2018-08-27,25.700001,26.190001,25.650000,25.860001,24.768990,549700
2018-08-28,25.940001,26.360001,25.570000,26.350000,25.238316,531400
2018-08-29,26.250000,26.450001,26.049999,26.100000,24.998861,331000
2018-08-30,26.080000,26.150000,25.850000,25.879999,24.788143,264500
2018-08-31,25.940001,25.940001,25.400000,25.790001,24.701941,742000
2018-09-04,25.670000,26.270000,25.530001,26.230000,25.123379,552700
2018-09-05,26.160000,26.160000,25.330000,25.670000,24.587006,578600
2018-09-06,25.690001,25.690001,24.940001,25.000000,23.945272,513700
2018-09-07,24.920000,25.250000,24.799999,24.860001,23.811180,775000
2018-09-10,24.990000,25.000000,24.520000,24.809999,23.763285,413600
2018-09-11,24.740000,24.830000,24.430000,24.820000,23.772865,485600
2018-09-12,24.590000,24.600000,24.049999,24.350000,23.322697,586000
2018-09-13,24.590000,24.910000,24.520000,24.660000,23.619616,451300
2018-09-14,24.740000,25.350000,24.730000,25.200001,24.136837,374800
2018-09-17,25.070000,25.350000,24.900000,24.990000,23.935694,344100
2018-09-18,25.080000,25.309999,24.900000,25.059999,24.002743,456000
2018-09-19,25.070000,25.350000,24.770000,25.090000,24.031473,448800
2018-09-20,25.230000,25.610001,25.230000,25.370001,24.299664,265100
2018-09-21,25.330000,25.600000,25.299999,25.309999,24.242191,666000
2018-09-24,25.280001,25.500000,25.100000,25.299999,24.232615,287800
2018-09-25,25.230000,25.469999,24.559999,24.590000,23.552570,332900
2018-09-26,24.420000,24.650000,23.980000,24.040001,23.138691,1279700
2018-09-27,24.100000,24.459999,23.920000,24.030001,23.129066,766800
2018-09-28,24.030001,24.059999,23.730000,23.840000,22.946188,1095100
2018-10-01,24.049999,24.950001,23.950001,24.120001,23.215693,509400
2018-10-02,24.040001,24.350000,23.639999,23.670000,22.782564,683400
2018-10-03,23.790001,23.790001,23.340000,23.600000,22.715187,454900
2018-10-04,23.520000,23.620001,22.700001,22.860001,22.002932,884500
2018-10-05,22.799999,22.900000,22.020000,22.250000,21.415804,826100
2018-10-08,22.180000,22.180000,21.469999,21.740000,20.924923,888400
2018-10-09,21.690001,22.389999,21.650000,21.920000,21.098175,952500
2018-10-10,21.660000,21.730000,20.780001,20.799999,20.020161,878600
2018-10-11,20.650000,21.209999,20.650000,20.870001,20.087543,829700
2018-10-12,21.360001,21.570000,21.120001,21.250000,20.453293,623700
2018-10-15,21.240000,21.459999,21.010000,21.340000,20.539919,519400
2018-10-16,21.580000,22.040001,21.510000,21.920000,21.098175,582500
2018-10-17,22.230000,22.320000,21.830000,21.980000,21.155924,686000
2018-10-18,21.799999,21.830000,21.360001,21.420000,20.616919,391700
2018-10-19,21.480000,21.700001,21.020000,21.200001,20.405169,283500
2018-10-22,21.260000,21.459999,20.969999,21.309999,20.511044,267000
2018-10-23,20.660000,21.030001,19.850000,20.830000,20.049038,569200
2018-10-24,20.610001,20.670000,19.490000,19.500000,18.768902,659900
2018-10-25,19.559999,20.270000,19.559999,20.010000,19.259783,348100
2018-10-26,19.510000,20.160000,19.459999,19.799999,19.057657,312600
2018-10-29,19.980000,20.430000,19.290001,19.570000,18.836279,421400
2018-10-30,19.639999,20.250000,19.610001,20.240000,19.481161,422400
2018-10-31,20.610001,20.700001,20.270000,20.330000,19.567785,564600
2018-11-01,20.459999,22.219999,20.260000,21.910000,21.088549,669900
2018-11-02,22.010000,22.040001,21.540001,21.770000,20.953796,397700
2018-11-05,21.780001,21.900000,20.969999,21.530001,20.722794,579900
2018-11-06,21.500000,21.790001,21.200001,21.330000,20.530296,536700
2018-11-07,21.500000,21.549999,21.049999,21.290001,20.491796,908400
2018-11-08,21.170000,21.459999,21.170000,21.420000,20.616919,391600
2018-11-09,21.160000,21.340000,20.650000,20.780001,20.000916,549800
2018-11-12,20.620001,20.620001,19.790001,20.170000,19.413786,572500
2018-11-13,20.370001,21.040001,20.250000,20.480000,19.712162,441800
2018-11-14,20.660000,20.780001,19.990000,20.070000,19.317533,564100
2018-11-15,20.100000,20.930000,20.080000,20.809999,20.029791,1211900
2018-11-16,20.309999,20.930000,20.059999,20.860001,20.077917,797700
2018-11-19,20.740000,20.780001,19.879999,19.900000,19.153906,707800
2018-11-20,17.500000,22.690001,17.400000,21.240000,20.443670,2649600
2018-11-21,21.260000,21.570000,19.799999,20.270000,19.510035,1238100
2018-11-23,20.110001,20.670000,20.080000,20.309999,19.548536,349800
2018-11-26,20.610001,20.840000,20.110001,20.840000,20.058664,755200
2018-11-27,20.799999,20.969999,20.379999,20.410000,19.644787,347400
2018-11-28,20.559999,21.250000,20.219999,21.230000,20.434042,535700
2018-11-29,21.559999,21.570000,21.059999,21.370001,20.568796,396000
2018-11-30,21.370001,21.709999,21.290001,21.600000,20.790173,494200
2018-12-03,22.150000,22.309999,21.559999,21.930000,21.107798,714500
2018-12-04,21.709999,21.709999,20.770000,20.790001,20.010540,402000
2018-12-06,20.290001,20.510000,19.940001,20.330000,19.567785,601600
2018-12-07,20.280001,20.620001,19.480000,19.549999,18.817028,422600
2018-12-10,19.559999,19.690001,19.049999,19.420000,18.691904,454100
2018-12-11,19.670000,20.059999,19.059999,19.139999,18.422400,447600
2018-12-12,19.490000,20.080000,19.260000,19.809999,19.067282,888400
2018-12-13,19.870001,20.299999,19.870001,20.000000,19.250156,568500
2018-12-14,19.770000,20.070000,19.580000,19.590000,18.855530,368100
2018-12-17,19.610001,19.889999,19.100000,19.299999,18.576401,545000
2018-12-18,19.500000,20.190001,19.500000,19.570000,18.836279,471400
2018-12-19,19.459999,20.020000,19.020000,19.059999,18.345400,1017400
2018-12-20,19.100000,19.250000,18.520000,18.840000,18.133648,482600
2018-12-21,19.049999,19.049999,18.139999,18.270000,17.585020,2354800
2018-12-24,18.260000,18.690001,17.790001,18.090000,17.411772,289400
2018-12-26,18.170000,19.379999,17.920000,19.370001,18.768280,464500
2018-12-27,19.080000,19.690001,19.080000,19.590000,18.981443,408900
2018-12-28,19.750000,20.430000,19.580000,20.010000,19.388395,474800
2018-12-31,20.190001,20.420000,20.070000,20.270000,19.640320,434200
2019-01-02,19.889999,20.480000,19.700001,20.280001,19.650009,492900
2019-01-03,19.850000,20.000000,19.120001,19.120001,18.526045,683400
2019-01-04,19.400000,20.170000,19.240000,20.020000,19.398085,418700
2019-01-07,20.230000,20.840000,20.160000,20.350000,19.717836,371700
2019-01-08,20.469999,20.680000,20.129999,20.580000,19.940691,407700
2019-01-09,20.670000,21.240000,20.600000,21.010000,20.357332,743000
2019-01-10,20.870001,21.450001,20.760000,21.309999,20.648012,344800
2019-01-11,21.170000,21.730000,21.160000,21.500000,20.832113,377800
2019-01-14,21.280001,21.610001,21.080000,21.330000,20.667395,417600
2019-01-15,21.400000,21.559999,20.990000,21.510000,20.841801,436800
2019-01-16,21.510000,21.940001,21.389999,21.610001,20.938694,425200
2019-01-17,21.480000,22.040001,21.270000,21.889999,21.209995,511800
2019-01-18,22.040001,22.170000,21.670000,21.790001,21.113104,936100
2019-01-22,21.620001,21.700001,20.570000,20.620001,19.979450,746200
2019-01-23,20.770000,20.770000,19.660000,19.930000,19.310883,803400
2019-01-24,20.480000,21.700001,20.309999,21.230000,20.570498,619500
2019-01-25,21.459999,22.000000,21.309999,21.629999,20.958069,468900
2019-01-28,21.150000,21.959999,21.000000,21.590000,20.919315,534600
2019-01-29,21.520000,21.709999,20.830000,20.930000,20.279818,622200
2019-01-30,21.250000,21.629999,20.670000,21.570000,20.899937,832100
2019-01-31,21.650000,22.620001,20.770000,22.530001,21.830114,934500
2019-02-01,20.879999,22.500000,20.879999,22.010000,21.326267,1232300
2019-02-04,21.889999,22.049999,21.290001,21.860001,21.180927,1233700
2019-02-05,21.830000,22.160000,21.690001,22.090000,21.403782,783800
2019-02-06,22.280001,22.780001,22.070000,22.400000,21.704153,682600
2019-02-07,22.139999,22.280001,21.730000,21.860001,21.180927,761700
2019-02-08,21.629999,21.730000,21.000000,21.600000,20.929005,429700
2019-02-11,21.600000,21.760000,21.320000,21.620001,20.948385,313600
2019-02-12,21.799999,22.340000,21.760000,22.180000,21.490988,392000
2019-02-13,22.250000,22.370001,22.100000,22.110001,21.423162,313300
2019-02-14,22.059999,22.639999,22.059999,22.469999,21.771978,404000
2019-02-15,22.520000,22.530001,22.170000,22.400000,21.704153,429500
2019-02-19,22.370001,23.020000,22.350000,22.879999,22.169243,400500
2019-02-20,22.900000,23.620001,22.629999,23.590000,22.857185,644400
2019-02-21,23.540001,23.540001,23.150000,23.350000,22.624641,592400
2019-02-22,23.430000,23.570000,23.200001,23.570000,22.837807,316300
2019-02-25,23.770000,24.129999,23.770000,23.830000,23.089727,332500
2019-02-26,23.730000,23.969999,23.520000,23.570000,22.837807,226800
2019-02-27,23.540001,23.540001,23.010000,23.299999,22.576195,229600
2019-02-28,23.180000,23.430000,23.020000,23.320000,22.595573,242000
2019-03-01,23.530001,23.700001,23.360001,23.440001,22.711845,284400
2019-03-04,23.600000,23.879999,23.400000,23.799999,23.060663,469700
2019-03-05,23.799999,23.900000,23.590000,23.809999,23.070351,281000
2019-03-06,24.000000,24.010000,23.330000,23.330000,22.605263,570400
2019-03-07,23.180000,23.320000,22.740000,22.760000,22.052969,297000
2019-03-08,22.559999,22.820000,22.500000,22.700001,21.994835,191300
2019-03-11,22.860001,23.400000,22.740000,23.379999,22.653709,445300
2019-03-12,23.400000,23.400000,22.980000,23.040001,22.324274,393000
2019-03-13,23.180000,23.180000,22.670000,22.690001,21.985144,275000
2019-03-14,22.690001,23.030001,22.660000,22.709999,22.004522,181300
2019-03-15,22.709999,23.469999,22.709999,22.990000,22.275826,878700
2019-03-18,23.010000,23.059999,22.530001,22.680000,21.975454,225600
2019-03-19,22.740000,22.910000,22.620001,22.680000,21.975454,248800
2019-03-20,22.670000,22.760000,22.209999,22.379999,21.684774,216700
2019-03-21,22.450001,23.270000,22.230000,22.930000,22.217688,305900
2019-03-22,22.840000,22.850000,22.090000,22.139999,21.452229,293500
2019-03-25,22.080000,22.360001,21.879999,22.070000,21.384405,265000
2019-03-26,22.200001,22.580000,21.940001,22.040001,21.355339,329600
2019-03-27,21.930000,22.030001,21.480000,21.650000,21.092293,366000
2019-03-28,21.629999,21.959999,21.510000,21.709999,21.150745,241900
2019-03-29,21.900000,22.170000,21.799999,22.110001,21.540442,288900
2019-04-01,22.330000,22.440001,21.959999,22.400000,21.822969,405400
2019-04-02,22.469999,22.580000,22.240000,22.410000,21.832714,229400
2019-04-03,22.730000,23.400000,22.480000,23.170000,22.573133,370400
2019-04-04,23.190001,23.410000,23.129999,23.400000,22.797211,244800
2019-04-05,23.430000,23.889999,23.309999,23.879999,23.264843,368200
2019-04-08,23.889999,24.040001,23.620001,24.020000,23.401239,188100
2019-04-09,23.820000,24.000000,23.690001,23.820000,23.206390,315400
2019-04-10,23.850000,24.120001,23.700001,24.010000,23.391495,323500
2019-04-11,24.040001,24.180000,23.719999,23.719999,23.108969,182700
2019-04-12,23.980000,24.000000,23.709999,23.870001,23.255104,119000
2019-04-15,23.850000,23.990000,23.500000,23.799999,23.186909,343200
2019-04-16,23.920000,24.680000,23.870001,24.680000,24.044237,300400
2019-04-17,24.889999,24.950001,24.440001,24.570000,23.937071,365200
2019-04-18,24.620001,24.990000,24.160000,24.290001,23.664286,279300
2019-04-22,24.190001,24.299999,23.670000,23.740000,23.128452,348100
2019-04-23,23.920000,24.090000,23.760000,23.870001,23.255104,213000
2019-04-24,23.950001,24.820000,23.950001,24.350000,23.722738,370400
2019-04-25,24.480000,24.549999,23.600000,23.670000,23.060257,266400
2019-04-26,23.530001,23.690001,23.110001,23.620001,23.011543,277400
2019-04-29,23.590000,23.590000,22.950001,22.959999,22.368546,309200
2019-04-30,22.799999,23.540001,22.799999,23.270000,22.670559,352100
2019-05-01,23.500000,23.600000,22.790001,22.850000,22.261379,645400
2019-05-02,22.780001,23.200001,22.340000,22.629999,22.047047,457000
2019-05-03,22.709999,24.160000,22.709999,23.549999,22.943346,637000
2019-05-06,22.850000,23.450001,22.799999,23.350000,22.748501,435900
2019-05-07,22.990000,23.280001,22.650000,23.000000,22.407515,484800
2019-05-08,22.990000,23.059999,22.250000,22.270000,21.696321,415500
2019-05-09,21.920000,22.090000,21.420000,21.540001,20.985125,624700
2019-05-10,21.500000,21.889999,21.270000,21.370001,20.819504,444100
2019-05-13,20.770000,20.870001,19.780001,19.850000,19.338659,569700
2019-05-14,20.120001,20.430000,19.950001,20.160000,19.640675,717000
2019-05-15,20.010000,20.719999,19.980000,20.600000,20.069338,463300
2019-05-16,20.440001,20.590000,20.139999,20.150000,19.630932,495100
2019-05-17,19.879999,20.250000,19.600000,19.639999,19.134068,460100
2019-05-20,19.250000,19.680000,19.020000,19.180000,18.685921,414900
2019-05-21,19.510000,19.750000,19.309999,19.320000,18.822311,451200
2019-05-22,19.290001,19.719999,19.270000,19.620001,19.114584,388200
2019-05-23,19.370001,19.430000,18.980000,19.139999,18.646948,369900
2019-05-24,19.200001,19.389999,19.040001,19.059999,18.569008,280500
2019-05-28,19.100000,19.209999,18.850000,19.040001,18.549526,452200
2019-05-29,18.860001,19.340000,18.799999,19.309999,18.812569,471700
2019-05-30,19.320000,19.799999,19.320000,19.480000,18.978189,339800
2019-05-31,19.250000,19.450001,19.150000,19.389999,18.890509,696700
2019-06-03,19.540001,19.930000,19.330000,19.730000,19.221750,538100
2019-06-04,20.010000,20.990000,20.010000,20.959999,20.420065,454800
2019-06-05,21.000000,21.100000,20.209999,20.420000,19.893976,664400
2019-06-06,20.459999,21.090000,20.350000,21.000000,20.459034,419300
2019-06-07,20.770000,21.260000,20.690001,21.129999,20.585686,480000
2019-06-10,21.219999,22.010000,21.219999,22.010000,21.443016,268000
2019-06-11,22.290001,22.350000,21.830000,21.940001,21.374819,386600
2019-06-12,21.860001,22.129999,21.370001,21.430000,20.877958,363100
2019-06-13,21.480000,21.650000,21.299999,21.450001,20.897444,444600
2019-06-14,21.120001,21.400000,20.750000,21.350000,20.800020,359000
2019-06-17,21.309999,21.309999,20.830000,20.850000,20.312899,450000
2019-06-18,21.059999,21.770000,20.920000,21.620001,21.063065,342800
2019-06-19,21.740000,22.090000,21.690001,21.940001,21.374819,306300
2019-06-20,22.290001,22.740000,22.139999,22.389999,21.813227,399100
2019-06-21,22.200001,22.650000,22.200001,22.430000,21.852200,798600
2019-06-24,22.430000,22.500000,22.059999,22.100000,21.530697,499200
2019-06-25,22.059999,22.219999,21.799999,21.809999,21.248167,189800
2019-06-26,22.170000,22.430000,22.150000,22.280001,21.706062,262900
2019-06-27,22.370001,22.600000,22.250000,22.530001,22.068483,226900
2019-06-28,22.690001,22.900000,22.459999,22.549999,22.088072,321300
2019-07-01,23.100000,23.549999,22.790001,23.270000,22.793324,409800
2019-07-02,23.160000,23.230000,22.490000,22.559999,22.097868,268600
2019-07-03,22.620001,22.629999,22.389999,22.500000,22.039097,152800
2019-07-05,22.299999,22.580000,22.240000,22.540001,22.078278,193000
2019-07-08,21.620001,21.670000,20.879999,21.450001,21.010607,621500
2019-07-09,21.350000,21.450001,21.270000,21.370001,20.932245,513300
2019-07-10,21.680000,22.030001,21.330000,21.379999,20.942039,408900
2019-07-11,21.389999,21.590000,21.219999,21.520000,21.079174,1310900
2019-07-12,21.549999,21.830000,21.540001,21.670000,21.226099,369500
2019-07-15,21.730000,21.920000,21.459999,21.799999,21.353436,283900
2019-07-16,21.760000,22.150000,21.690001,21.850000,21.402414,272400
2019-07-17,21.940001,22.350000,21.850000,22.200001,21.745243,528700
2019-07-18,22.200001,22.700001,22.200001,22.290001,21.833399,366500
2019-07-19,22.299999,22.530001,21.930000,21.950001,21.500364,402500
2019-07-22,22.100000,22.520000,22.100000,22.219999,21.764833,735800
2019-07-23,22.400000,22.920000,22.250000,22.840000,22.372131,568700
2019-07-24,22.910000,24.240000,22.910000,24.209999,23.714067,944700
2019-07-25,24.040001,24.150000,23.190001,23.240000,22.763939,507500
2019-07-26,23.350000,23.590000,23.219999,23.299999,22.822710,241100
2019-07-29,23.230000,23.410000,23.100000,23.260000,22.783527,284700
2019-07-30,23.100000,23.420000,23.100000,23.190001,22.714964,240000
2019-07-31,23.139999,23.190001,22.410000,22.629999,22.166435,671500
2019-08-01,22.549999,23.150000,21.620001,21.660000,21.216307,524700
2019-08-02,22.080000,22.650000,21.680000,22.180000,21.725655,972400
2019-08-05,21.459999,21.639999,21.150000,21.280001,20.844090,509900
2019-08-06,21.650000,21.680000,20.309999,20.610001,20.187813,567400
2019-08-07,20.340000,21.049999,20.340000,20.900000,20.471872,596800
2019-08-08,21.020000,21.480000,20.219999,21.219999,20.785316,273500
2019-08-09,21.000000,21.090000,20.650000,20.900000,20.471872,255400
2019-08-12,20.719999,20.980000,20.620001,20.639999,20.217199,202400
2019-08-13,20.530001,21.260000,20.320000,21.110001,20.677570,259600
2019-08-14,20.629999,20.830000,20.000000,20.000000,19.590309,519900
2019-08-15,20.129999,20.410000,19.990000,20.100000,19.688261,230100
2019-08-16,20.270000,20.639999,20.270000,20.559999,20.138836,536800
2019-08-19,20.870001,21.049999,20.820000,20.840000,20.413101,222300
2019-08-20,20.799999,20.809999,20.480000,20.480000,20.060476,240900
2019-08-21,20.740000,20.809999,20.520000,20.709999,20.285765,250400
2019-08-22,20.790001,20.920000,20.299999,20.459999,20.040882,255000
2019-08-23,20.240000,20.510000,19.760000,19.920000,19.511948,242300
2019-08-26,20.240000,20.240000,19.590000,19.660000,19.257273,254200
2019-08-27,19.760000,19.910000,19.370001,19.480000,19.080959,287900
2019-08-28,19.389999,20.139999,19.340000,20.110001,19.698055,504000
2019-08-29,20.410000,21.070000,20.410000,20.799999,20.373919,444000
2019-08-30,20.920000,21.070000,20.740000,20.830000,20.403305,319000
2019-09-03,20.660000,20.690001,20.139999,20.420000,20.001705,324500
2019-09-04,20.700001,20.969999,20.680000,20.910000,20.481668,553400
2019-09-05,21.219999,21.930000,21.219999,21.549999,21.108557,490400
2019-09-06,21.580000,21.820000,21.320000,21.370001,20.932245,227300
2019-09-09,21.540001,22.160000,21.430000,22.160000,21.706060,551000
2019-09-10,22.120001,22.660000,21.860001,22.490000,22.029301,342100
2019-09-11,22.530001,23.040001,22.370001,23.010000,22.538651,277300
2019-09-12,23.160000,23.160000,22.490000,22.830000,22.362339,232700
2019-09-13,22.920000,23.230000,22.719999,22.900000,22.430902,273500
2019-09-16,22.799999,23.320000,22.610001,22.920000,22.450495,225400
2019-09-17,22.930000,23.190001,22.580000,23.180000,22.705170,403400
2019-09-18,23.299999,23.920000,23.209999,23.889999,23.400623,597300
2019-09-19,23.900000,24.180000,23.549999,23.930000,23.439806,666900
2019-09-20,24.190001,24.260000,23.850000,24.180000,23.684683,1172100
2019-09-23,24.000000,24.650000,23.870001,24.299999,23.802223,441900
2019-09-24,24.420000,24.680000,23.799999,23.850000,23.361443,363400
2019-09-25,23.660000,24.049999,23.320000,24.000000,23.508371,326300
2019-09-26,23.850000,23.860001,23.490000,23.620001,23.252417,211600
2019-09-27,23.540001,23.709999,23.070000,23.360001,22.996464,386300
2019-09-30,23.400000,23.570000,23.350000,23.480000,23.114597,193000
2019-10-01,23.580000,24.139999,23.250000,23.500000,23.134285,332400
2019-10-02,23.280001,23.520000,23.180000,23.420000,23.055529,245300
2019-10-03,23.370001,23.650000,23.100000,23.520000,23.153975,302900
2019-10-04,23.730000,23.780001,23.459999,23.760000,23.390238,269800
2019-10-07,23.629999,23.690001,23.430000,23.480000,23.114597,279300
2019-10-08,23.209999,23.299999,22.370001,22.410000,22.061247,476800
2019-10-09,22.559999,22.889999,22.420000,22.809999,22.455021,218000
2019-10-10,22.879999,23.180000,22.879999,22.950001,22.592842,218200
2019-10-11,23.400000,23.680000,23.400000,23.450001,23.085062,220900
2019-10-14,23.350000,23.580000,23.260000,23.389999,23.025995,94800
2019-10-15,23.459999,23.520000,23.129999,23.230000,22.868486,317700
2019-10-16,23.049999,23.090000,22.490000,22.540001,22.189226,468700
2019-10-17,22.670000,23.280001,22.670000,23.120001,22.760199,269800
2019-10-18,23.150000,23.260000,22.740000,22.930000,22.573154,138500
2019-10-21,23.000000,23.490000,22.900000,23.230000,22.868486,189900
2019-10-22,23.350000,23.350000,23.080000,23.100000,22.740509,199800
2019-10-23,22.900000,23.290001,22.799999,22.889999,22.533777,210700
2019-10-24,23.100000,23.540001,22.910000,23.500000,23.134285,389500
2019-10-25,23.459999,24.000000,23.360001,23.820000,23.449305,265600
2019-10-28,23.940001,24.260000,23.940001,24.010000,23.636349,269700
2019-10-29,24.260000,24.650000,23.850000,24.059999,23.685568,342300
2019-10-30,24.059999,24.180000,23.750000,24.180000,23.803701,260400
2019-10-31,24.100000,24.100000,23.650000,23.750000,23.380392,337400
2019-11-01,23.980000,24.290001,23.700001,24.290001,23.911991,161700
2019-11-04,24.410000,24.629999,24.270000,24.580000,24.197475,213200
2019-11-05,24.580000,25.480000,24.580000,25.450001,25.053938,753700
2019-11-06,25.320000,25.530001,25.030001,25.370001,24.975183,417000
2019-11-07,25.600000,25.740000,25.240000,25.379999,24.985025,454100
2019-11-08,25.250000,25.610001,25.080000,25.260000,24.866894,238100
2019-11-11,25.180000,25.549999,25.120001,25.379999,24.985025,262400
2019-11-12,25.410000,25.520000,25.320000,25.469999,25.073626,164800
2019-11-13,25.290001,25.850000,25.129999,25.360001,24.965338,361900
2019-11-14,25.299999,25.299999,24.920000,25.170000,24.778296,414100
2019-11-15,26.740000,26.950001,23.870001,24.150000,23.774168,1233000
2019-11-18,23.959999,24.219999,22.709999,22.760000,22.405800,670800
2019-11-19,22.910000,23.299999,22.549999,23.180000,22.819265,605100
2019-11-20,22.910000,23.430000,22.850000,22.950001,22.592842,580600
2019-11-21,23.490000,23.750000,22.830000,22.969999,22.612532,641400
2019-11-22,23.090000,24.020000,23.090000,23.900000,23.528059,439500
2019-11-25,24.000000,24.900000,23.920000,24.889999,24.502651,397600
2019-11-26,24.820000,24.940001,24.559999,24.910000,24.522339,389400
2019-11-27,25.000000,25.610001,24.780001,25.309999,24.916115,376300
2019-11-29,25.230000,25.280001,25.059999,25.090000,24.699539,134900
2019-12-02,25.200001,25.200001,24.510000,24.690001,24.305765,334500
2019-12-03,24.309999,24.629999,23.990000,24.170000,23.793859,309100
2019-12-04,24.360001,25.040001,24.320000,25.030001,24.640474,284700
2019-12-05,25.000000,25.400000,25.000000,25.250000,24.857050,350000
2019-12-06,25.370001,25.830000,25.370001,25.750000,25.349268,394600
2019-12-09,25.700001,25.910000,25.549999,25.580000,25.181915,422000
2019-12-10,25.559999,25.559999,25.070000,25.150000,24.758606,423800
2019-12-11,25.190001,25.549999,25.160000,25.530001,25.132692,166700
2019-12-12,25.520000,26.200001,25.520000,26.150000,25.743042,215100
2019-12-13,26.000000,26.360001,26.000000,26.350000,25.939930,269400
2019-12-16,26.500000,26.639999,26.170000,26.260000,25.851332,368100
2019-12-17,26.410000,26.530001,26.000000,26.530001,26.117128,356800
2019-12-18,26.620001,26.740000,26.110001,26.670000,26.254951,295700
2019-12-19,26.740000,26.820000,26.450001,26.760000,26.343552,192200
2019-12-20,27.000000,27.170000,26.709999,26.920000,26.501062,1331700
2019-12-23,26.840000,27.480000,26.740000,27.360001,26.934216,286500
2019-12-24,27.330000,27.360001,26.930000,27.270000,26.845613,106700
2019-12-26,27.180000,27.290001,27.049999,27.240000,26.934605,132500
2019-12-27,27.250000,27.250000,26.879999,27.059999,26.756622,143400
2019-12-30,26.930000,27.150000,26.570000,26.920000,26.618193,210900
2019-12-31,26.780001,27.240000,26.780001,27.200001,26.895054,225800
2020-01-02,27.500000,27.580000,27.049999,27.559999,27.251015,507100
2020-01-03,27.309999,27.500000,27.110001,27.350000,27.043373,257900
2020-01-06,27.120001,27.139999,26.280001,26.340000,26.044695,250000
2020-01-07,26.459999,26.730000,26.150000,26.660000,26.361107,188800
2020-01-08,26.709999,26.990000,26.500000,26.610001,26.311668,147400
2020-01-09,26.879999,26.900000,26.160000,26.510000,26.212790,183300
2020-01-10,26.520000,26.570000,26.129999,26.290001,25.995256,173000
2020-01-13,26.379999,26.660000,26.350000,26.639999,26.341330,139200
2020-01-14,26.670000,27.059999,26.620001,26.910000,26.608305,221900
2020-01-15,26.889999,27.549999,26.840000,27.180000,26.875277,287400
2020-01-16,27.360001,27.700001,27.180000,27.690001,27.379560,243000
2020-01-17,27.750000,27.860001,27.559999,27.629999,27.320230,220500
2020-01-21,27.400000,27.480000,27.129999,27.379999,27.073034,313200
2020-01-22,27.469999,27.580000,27.020000,27.170000,26.865389,247300
2020-01-23,27.209999,28.200001,27.020000,28.180000,27.864067,813500
2020-01-24,28.250000,28.450001,27.600000,28.020000,27.705860,832300
2020-01-27,27.420000,27.420000,26.650000,27.260000,26.954382,569700
2020-01-28,27.420000,28.360001,27.180000,28.270000,27.953058,555500
2020-01-29,28.270000,28.660000,27.990000,28.280001,27.962946,358800
2020-01-30,27.740000,28.250000,26.420000,27.280001,26.974157,818300
2020-01-31,27.090000,27.260000,25.840000,25.889999,25.599739,808000
2020-02-03,26.040001,26.320000,25.600000,25.940001,25.649179,454600
2020-02-04,26.440001,26.840000,26.250000,26.770000,26.469875,574900
2020-02-05,27.230000,27.650000,26.920000,27.480000,27.171913,371200
2020-02-06,27.520000,27.660000,26.600000,26.889999,26.588528,472900
2020-02-07,26.610001,26.719999,25.930000,26.070000,25.777721,375600
2020-02-10,25.870001,26.080000,25.650000,25.709999,25.421757,388900
2020-02-11,25.940001,26.150000,25.650000,26.030001,25.738173,230100
2020-02-12,26.299999,26.639999,26.059999,26.600000,26.301781,236300
2020-02-13,26.400000,26.610001,26.260000,26.389999,26.094133,276000
2020-02-14,26.430000,26.530001,25.950001,26.209999,25.916151,287300
2020-02-18,25.889999,26.049999,25.000000,25.129999,24.848259,370100
2020-02-19,25.389999,25.559999,25.180000,25.480000,25.194336,179900
2020-02-20,25.469999,25.660000,25.040001,25.590000,25.303104,168500
2020-02-21,25.410000,25.410000,24.790001,24.889999,24.610950,201700
2020-02-24,23.770000,24.160000,23.549999,23.930000,23.661713,212400
2020-02-25,24.150000,24.150000,22.780001,22.850000,22.593822,344800
2020-02-26,22.980000,23.420000,22.780001,22.959999,22.702587,195800
2020-02-27,22.260000,22.790001,21.809999,22.049999,21.802792,388300
2020-02-28,21.770000,22.969999,21.400000,22.830000,22.574047,415800
2020-03-02,22.900000,23.750000,22.410000,23.690001,23.424404,416300
2020-03-03,23.670000,24.280001,22.620001,22.830000,22.574047,828900
2020-03-04,23.200001,23.799999,22.680000,23.799999,23.533171,296000
2020-03-05,23.120001,24.610001,22.990000,24.510000,24.235212,811000
2020-03-06,23.639999,24.510000,23.430000,24.040001,23.770481,722600
2020-03-09,22.270000,23.270000,21.500000,21.510000,21.268847,362700
2020-03-10,22.150000,22.570000,21.340000,22.420000,22.168642,384700
2020-03-11,21.790001,21.950001,20.430000,20.650000,20.418486,272700
2020-03-12,19.350000,19.850000,18.430000,18.459999,18.253038,388500
2020-03-13,19.450001,22.969999,19.270000,22.900000,22.643261,1074800
2020-03-16,18.250000,21.190001,18.000000,19.730000,19.508801,713300
2020-03-17,20.250000,21.299999,19.150000,21.299999,21.061199,482700
2020-03-18,19.900000,21.520000,19.549999,20.280001,20.052637,1170600
2020-03-19,19.980000,21.160000,18.750000,20.299999,20.072409,834000
2020-03-20,20.719999,21.219999,18.650000,18.719999,18.510124,755300
2020-03-23,19.090000,19.680000,16.910000,18.209999,18.005842,773900
2020-03-24,18.980000,20.580000,18.830000,20.010000,19.785662,597300
2020-03-25,20.250000,21.389999,19.150000,20.830000,20.596470,782600
2020-03-26,20.959999,22.500000,20.809999,22.400000,22.277205,528700
2020-03-27,21.520000,21.650000,20.750000,20.879999,20.765535,346600
2020-03-30,21.100000,21.719999,20.719999,21.150000,21.034056,439200
2020-03-31,21.070000,21.480000,20.770000,20.870001,20.755592,476900
2020-04-01,19.950001,20.830000,19.549999,20.309999,20.198662,511800
2020-04-02,20.190001,20.980000,19.780001,20.889999,20.775482,360100
2020-04-03,20.650000,21.030001,19.940001,20.340000,20.228497,337900
2020-04-06,20.969999,22.250000,20.760000,22.120001,21.998739,299800
2020-04-07,22.879999,23.180000,21.820000,22.450001,22.326931,290400
2020-04-08,22.770000,23.090000,22.280001,22.490000,22.366711,257300
2020-04-09,22.780001,23.309999,22.280001,22.469999,22.346819,346600
2020-04-13,22.440001,22.580000,21.930000,22.160000,22.038519,309400
2020-04-14,22.790001,23.600000,22.790001,23.450001,23.321449,386100
2020-04-15,22.780001,23.180000,22.450001,22.969999,22.844078,483700
2020-04-16,23.240000,23.780001,23.160000,23.629999,23.500460,501800
2020-04-17,24.070000,24.490000,23.639999,24.150000,24.017611,369600
2020-04-20,23.750000,24.120001,23.629999,23.920000,23.788872,404400
2020-04-21,23.549999,23.760000,22.160000,22.370001,22.247370,502700
2020-04-22,23.240000,23.480000,22.580000,23.370001,23.241888,452000
2020-04-23,23.120001,23.650000,23.120001,23.459999,23.331392,309300
2020-04-24,23.469999,23.879999,23.049999,23.730000,23.599913,340300
2020-04-27,24.000000,25.219999,23.990000,24.870001,24.733665,330300
2020-04-28,25.150000,25.389999,24.600000,24.870001,24.733665,268300
2020-04-29,25.010000,26.430000,24.969999,26.190001,26.046429,637600
2020-04-30,25.400000,25.820000,23.900000,23.969999,23.838596,524800
2020-05-01,23.709999,23.709999,21.639999,21.740000,21.620823,517800
2020-05-04,21.709999,21.900000,20.650000,21.139999,21.024111,868000
2020-05-05,21.330000,22.520000,21.219999,21.709999,21.590986,429400
2020-05-06,21.910000,22.200001,21.510000,21.620001,21.501480,911100
2020-05-07,21.990000,22.299999,21.790001,22.139999,22.018629,298700
2020-05-08,22.610001,24.090000,22.230000,23.139999,23.013147,433200
2020-05-11,22.820000,23.129999,22.709999,22.750000,22.625286,390600
2020-05-12,22.969999,23.000000,22.219999,22.260000,22.137972,350600
2020-05-13,22.200001,22.200001,20.790001,21.150000,21.034056,225100
2020-05-14,20.870001,21.280001,20.290001,21.250000,21.133509,487900
2020-05-15,20.770000,21.160000,20.650000,20.900000,20.785427,274000
2020-05-18,21.590000,22.170000,21.230000,22.000000,21.879396,358700
2020-05-19,21.950001,22.850000,21.889999,22.100000,21.978849,368600
2020-05-20,22.549999,23.240000,22.360001,23.049999,22.923639,211600
2020-05-21,23.000000,23.309999,22.420000,22.430000,22.307039,312700
2020-05-22,22.389999,22.430000,22.059999,22.280001,22.157862,140300
2020-05-26,22.809999,23.250000,22.570000,22.680000,22.555670,317000
2020-05-27,22.969999,23.260000,22.410000,23.090000,22.963421,258700
2020-05-28,23.110001,23.260000,22.200001,22.270000,22.147917,297200
2020-05-29,21.870001,22.450001,21.629999,22.360001,22.237425,627000
2020-06-01,22.270000,22.559999,22.010000,22.240000,22.118080,458500
2020-06-02,22.440001,22.540001,22.049999,22.459999,22.336874,682500
2020-06-03,22.910000,23.670000,22.910000,23.480000,23.351284,464900
2020-06-04,23.389999,24.030001,23.299999,23.670000,23.540241,545800
2020-06-05,24.330000,24.719999,23.879999,24.340000,24.206570,333700
2020-06-08,24.340000,24.600000,23.959999,24.559999,24.425362,316700
2020-06-09,24.360001,24.620001,24.059999,24.370001,24.236406,267000
2020-06-10,24.370001,24.370001,23.680000,23.719999,23.589968,288300
2020-06-11,23.000000,23.280001,22.110001,22.260000,22.137972,400600
2020-06-12,22.900000,23.120001,22.040001,22.350000,22.227478,221800
2020-06-15,21.709999,22.910000,21.709999,22.889999,22.764517,570100
2020-06-16,23.650000,23.930000,23.190001,23.270000,23.142435,613500
2020-06-17,23.490000,23.580000,23.020000,23.280001,23.152380,212500
2020-06-18,23.190001,23.410000,23.000000,23.059999,22.933586,235700
2020-06-19,23.240000,23.500000,22.830000,22.950001,22.824190,705400
2020-06-22,22.840000,22.980000,22.500000,22.730000,22.605394,293000
2020-06-23,22.740000,23.530001,22.740000,23.129999,23.003201,879000
2020-06-24,22.420000,23.160000,21.870001,21.889999,21.769999,984600
2020-06-25,21.780001,21.900000,21.209999,21.430000,21.430000,654500
2020-06-26,21.350000,21.680000,20.120001,20.200001,20.200001,1735500
2020-06-29,20.299999,21.180000,20.100000,20.200001,20.200001,2009000
2020-06-30,20.270000,21.260000,20.270000,20.830000,20.830000,3296900
2020-07-01,20.900000,21.270000,20.740000,20.790001,20.790001,770900
2020-07-02,21.059999,21.590000,20.889999,21.209999,21.209999,825000
2020-07-06,22.190001,22.320000,21.780001,21.879999,21.879999,685500
2020-07-07,21.700001,22.260000,21.360001,21.490000,21.490000,1172200
2020-07-08,21.650000,21.820000,21.320000,21.760000,21.760000,1090600
2020-07-09,22.010000,23.340000,21.809999,23.290001,23.290001,973900
2020-07-10,22.850000,23.530001,22.469999,22.760000,22.760000,738600
2020-07-13,23.129999,23.610001,22.309999,22.340000,22.340000,566300
2020-07-14,22.110001,22.430000,21.930000,22.250000,22.250000,668100
2020-07-15,22.430000,22.709999,22.010000,22.230000,22.230000,515600
2020-07-16,22.030001,22.200001,21.740000,22.010000,22.010000,381800
2020-07-17,22.110001,22.610001,21.959999,22.500000,22.500000,371900
2020-07-20,22.500000,23.590000,22.350000,23.570000,23.570000,429800
2020-07-21,23.840000,24.100000,23.490000,23.940001,23.940001,604300
2020-07-22,24.049999,24.410000,23.860001,24.250000,24.250000,432600
2020-07-23,24.180000,24.860001,24.090000,24.209999,24.209999,480900
2020-07-24,23.959999,23.959999,23.059999,23.430000,23.430000,476500
2020-07-27,23.660000,25.570000,23.590000,25.410000,25.410000,936800
2020-07-28,25.230000,25.620001,24.990000,25.110001,25.110001,857600
2020-07-29,25.290001,25.760000,25.170000,25.580000,25.580000,496000
2020-07-30,25.350000,25.830000,24.290001,25.280001,25.280001,776300
2020-07-31,25.510000,25.510000,23.500000,23.700001,23.700001,802800
2020-08-03,23.860001,24.400000,23.490000,23.600000,23.600000,550400
2020-08-04,23.580000,24.170000,23.209999,24.150000,24.150000,1021800
2020-08-05,24.180000,25.809999,23.879999,25.219999,25.219999,1714800
2020-08-06,25.469999,26.600000,24.600000,24.719999,24.719999,1200300
2020-08-07,24.549999,25.049999,24.450001,24.830000,24.830000,1010700
2020-08-10,24.840000,25.080000,24.730000,24.930000,24.930000,662900
2020-08-11,24.900000,25.809999,24.889999,24.930000,24.930000,826100
2020-08-12,25.120001,25.389999,24.680000,24.809999,24.809999,811900
2020-08-13,24.860001,25.510000,24.330000,24.520000,24.520000,543600
2020-08-14,24.450001,24.719999,23.799999,23.889999,23.889999,452300
2020-08-17,24.150000,24.299999,23.629999,24.100000,24.100000,551900
2020-08-18,24.200001,24.389999,23.750000,24.340000,24.340000,646000
2020-08-19,24.230000,24.580000,24.139999,24.459999,24.459999,667000
2020-08-20,24.370001,24.370001,23.650000,23.830000,23.830000,525100
2020-08-21,23.709999,24.010000,23.600000,23.969999,23.969999,487400
2020-08-24,24.200001,24.660000,24.180000,24.629999,24.629999,499000
2020-08-25,24.719999,25.180000,24.549999,25.110001,25.110001,248300
2020-08-26,25.150000,25.180000,24.790001,25.160000,25.160000,245700
2020-08-27,25.139999,25.200001,24.400000,24.420000,24.420000,357200
2020-08-28,24.570000,24.889999,24.240000,24.680000,24.680000,241700
2020-08-31,24.600000,24.670000,23.959999,23.980000,23.980000,313700
2020-09-01,24.000000,24.580000,23.900000,24.450001,24.450001,612800
2020-09-02,24.799999,26.049999,24.790001,26.000000,26.000000,367600
2020-09-03,25.530001,25.530001,24.650000,24.820000,24.820000,386300
2020-09-04,24.889999,24.980000,23.770000,24.219999,24.219999,309600
2020-09-08,23.530001,23.920000,23.180000,23.370001,23.370001,376600
2020-09-09,23.799999,23.799999,23.340000,23.350000,23.350000,526600
2020-09-10,23.690001,23.690001,22.980000,23.020000,23.020000,273300
2020-09-11,23.100000,23.480000,22.780001,22.930000,22.930000,240400